processid	sampleid	recordID	catalognum	fieldnum	institution_storing	collection_code	bin_uri	phylum_taxID	phylum_name	class_taxID	class_name	order_taxID	order_name	family_taxID	family_name	subfamily_taxID	subfamily_name	genus_taxID	genus_name	species_taxID	species_name	subspecies_taxID	subspecies_name	identification_provided_by	identification_method	identification_reference	tax_note	voucher_status	tissue_type	collection_event_id	collectors	collectiondate_start	collectiondate_end	collectiontime	collection_note	site_code	sampling_protocol	lifestage	sex	reproduction	habitat	associated_specimens	associated_taxa	extrainfo	notes	lat	lon	coord_source	coord_accuracy	elev	depth	elev_accuracy	depth_accuracy	country	province_state	region	sector	exactsite	image_ids	image_urls	media_descriptors	captions	copyright_holders	copyright_years	copyright_licenses	copyright_institutions	photographers	sequenceID	markercode	genbank_accession	nucleotides	trace_ids	trace_names	trace_links	run_dates	sequencing_centers	directions	seq_primers	marker_codes
GAHAP2536-15	KJ753868	5658563	SMNHSWE:137037	KJ753868	Mined from GenBank, NCBI		BOLD:ACS3494	2	Annelida	95135	Clitellata	25192	Haplotaxida	30651	Naididae	707985	Phallodrilinae	682635	Gianius	682636	Gianius aquaedulcis																							taxon:1592945										Sweden	Gotland	Ihreviken,Gotland												7226140	COI-5P	KJ753868	AACTTTATACCTAATTCTTGGAGTATGAGCCGGTATAGTCGGAACAGGAACAAGACTCTTAATTCGCATAGAACTTTCCCAACCAGGATCATTCTTAGGCAGAGATCAACTTTACAACACCCTAGTCACAGCTCATGCATTCTTAATAATCTTCTTTTTAGTAATACCAGTATTTATTGGTGGATTTGGGAATTGATTACTTCCATTAATACTTGGAGCACCCGATATAGCCTTTCCACGCTTAAACAATATAAGATTCTGACTATTACCCCCCTCTTTAATTCTTCTAGTCTCTTCAGCAGCAGTAGAAAAAGGAGCAGGAACAGGATGAACAGTATATCCGCCTCTTGCTAGAAATCTCGCTCATTCAGGCCCATCAGTTGATTTAGCAATTTTTTCTCTCCATCTGGCTGGTGCTTCCTCAATTTTAGGTGCCATTAATTTTATTACAACAATAATTAACATACGATGAAAGGGAATGCGCCTAGAACGAATTCCCCTATTTGTATGAGCTGTAACCCTAACAGTAATTCTTTTATTACTGTCTTTACCTGTATTAGCAGGAGCAATTACTATATTACTTACAGACCGTAATTTAAATACATCTTTCTTTGACCCTGCTGGTGGTGGAGA								
