processid	sampleid	recordID	catalognum	fieldnum	institution_storing	collection_code	bin_uri	phylum_taxID	phylum_name	class_taxID	class_name	order_taxID	order_name	family_taxID	family_name	subfamily_taxID	subfamily_name	genus_taxID	genus_name	species_taxID	species_name	subspecies_taxID	subspecies_name	identification_provided_by	identification_method	identification_reference	tax_note	voucher_status	tissue_type	collection_event_id	collectors	collectiondate_start	collectiondate_end	collectiontime	collection_note	site_code	sampling_protocol	lifestage	sex	reproduction	habitat	associated_specimens	associated_taxa	extrainfo	notes	lat	lon	coord_source	coord_accuracy	elev	depth	elev_accuracy	depth_accuracy	country	province_state	region	sector	exactsite	image_ids	image_urls	media_descriptors	captions	copyright_holders	copyright_years	copyright_licenses	copyright_institutions	photographers	sequenceID	markercode	genbank_accession	nucleotides	trace_ids	trace_names	trace_links	run_dates	sequencing_centers	directions	seq_primers	marker_codes
FBLMT411-09	BC ZSM Lep 24971	1227388	48647:ZSM	48647:ZSM	Research Collection of Theo Gruenewald		BOLD:AAN1365	20	Arthropoda	82	Insecta	113	Lepidoptera	546510	Depressariidae	599089	Cryptolechiinae	183441	Orophia	324114	Orophia denisella			Andreas Segerer		Denis & Schiffermüller, 1775					Dr. Theo Gruenewald							A	F	S						48.9215	11.9066			395				Germany	Bavaria	Niederbayern	Kelheim	Kelheim, Lehnberg										3780550	COI-5P	HQ955172	AACATTATATTTTATTTTTGGTATTTGAGCTGGTATACTTGGCACTTCTTTAAGTTTATTAATTCGAGCAGAATTAGGTAATCCTGGATCTCTAATTGGAGATGATCAAATTTATAATACTATTGTTACAGCTCACGCTTTTATTATAATTTTTTTCATAGTTATACCTATTATAATTGGAGGATTTGGAAATTGATTAGTTCCACTAATATTAGGAGCCCCAGACATAGCATTCCCCCGAATAAATAATATAAGCTTTTGATTACTCCCCCCCTCTATTATTCTTTTAATCTCAAGAAGAATTGTTGAAAATGGAGCAGGAACTGGATGAACAATTTACCCCCCCTTATCTTCTAATATTGCCCATAGAGGTAGATCAGTAGATTTAACTATTTTTTCCCTTCATTTAGCAGGAATCTCATCAATCTTAGGAGCAATTAATTTTATCACTACAATTATTAATATACGAATTAATATAATAACATTTGATCAAATACCTTTATTCATTTGAGCTGTTAGAATCACAGCTCTTCTTCTTCTCTTATCATTACCAGTTTTAGCTGGAGCTATTACTATACTTTTAACAGATCGAAATTTAAATACCTCATTTTTTGATCCTGCTGGAGGAGGAGATCCAATCTTATACCAACATTTATTT	2612644|2612639|2612649|2612654	FBLMT411-09[MLepF1,LepR1]_F.ab1|FBLMT411-09[MLepF1,LepR1]_R.ab1|FBLMT411-09[LepF1,MLepR1]_F.ab1|FBLMT411-09[LepF1,MLepR1]_R.ab1	http://trace.boldsystems.org/traceIO/bold.org/2295304|http://trace.boldsystems.org/traceIO/bold.org/2295299|http://trace.boldsystems.org/traceIO/bold.org/2295309|http://trace.boldsystems.org/traceIO/bold.org/2295314	2010-09-16 11:19:00|2010-09-16 08:55:19|2010-07-13 13:01:59|2010-07-13 13:55:20	Biodiversity Institute of Ontario|Biodiversity Institute of Ontario|Biodiversity Institute of Ontario|Biodiversity Institute of Ontario	F|R|F|R	MLepF1|LepR1|LepF1|MLepR1	COI-5P|COI-5P|COI-5P|COI-5P
FBLMT722-09	BC ZSM Lep 25282	1227699	49520:ZSM	49520:ZSM	SNSB, Zoologische Staatssammlung Muenchen		BOLD:AAE4973	20	Arthropoda	82	Insecta	113	Lepidoptera	546510	Depressariidae	599089	Cryptolechiinae	183441	Orophia	183442	Orophia ferrugella			Andreas Segerer		Denis & Schiffermüller, 1775					Dr. Andreas H. Segerer							A	M	S						49.0314	11.9626			400				Germany	Bavaria	Oberpfalz	Regensburg	Nittendorf	559061	http://www.boldsystems.org/pics/FBLMT/BC_ZSM_Lep_25282+1248077618.jpg	temp		Axel Hausmann	2010	CreativeCommons - Attribution Non-Commercial Share-Alike	SNSB, Zoologische Staatssammlung Muenchen	ZSM Photography Team	3711365	COI-5P	HQ955192	TACTTTATATTTTATTTTCGGAATTTGAGCAGGAATATTAGGTACTTCTTTAAGTTTACTAATTCGAGCAGAATTGGGAAATCCAGGTTCATTAATTGGAGATGACCAAATTTACAATACTATTGTAACAGCACATGCTTTTATTATAATTTTTTTTATAGTAATACCTATTATAATTGGAGGATTTGGAAATTGACTAGTACCATTAATATTAGGTGCCCCAGATATAGCTTTCCCACGAATAAATAATATAAGTTTCTGATTACTTCCCCCCTCTATTACACTTTTAATTTCAAGAAGAATTGTAGAAAGTGGAGCTGGAACTGGATGAACGGTTTATCCCCCCCTTTCATCTAATATCGCACATAGAGGTAGATCTGTAGATTTAGCTATTTTTTCACTACATTTAGCTGGAATTTCTTCAATTTTAGGGGCAATTAACTTTATTACTACAGTTATTAACATACGAGTTAACAATATATCATTTGACCAAATACCATTATTCGTATGAGCTGTTAGNATTACAGCTCTCCTCCTCCTCCTTTCTTTACCAGTATTAGCTGGAGCTATTACTATACTCTTAACAGATCGAAATTTAAATACTTCTTTTTTTGATC-----------------------------------------	2433442|2433497|2433529	FBLMT722-09[MLepF1,LepR1]_F.ab1|FBLMT722-09[LepF1,MLepR1]_F.ab1|FBLMT722-09[LepF1,MLepR1]_R.ab1	http://trace.boldsystems.org/traceIO/bold.org/2125003|http://trace.boldsystems.org/traceIO/bold.org/2125058|http://trace.boldsystems.org/traceIO/bold.org/2125090	2010-06-11 05:13:09|2010-09-15 06:15:37|2010-09-15 07:00:15	Biodiversity Institute of Ontario|Biodiversity Institute of Ontario|Biodiversity Institute of Ontario	F|F|R	MLepF1|LepF1|MLepR1	COI-5P|COI-5P|COI-5P
FBLMT834-09	BC ZSM Lep 25394	1227811	49577:ZSM	49577:ZSM	SNSB, Zoologische Staatssammlung Muenchen		BOLD:AAK0640	20	Arthropoda	82	Insecta	113	Lepidoptera	546510	Depressariidae	599089	Cryptolechiinae	183441	Orophia	275502	Orophia sordidella			Andreas Segerer		Hübner, 1801					Dr. Andreas H. Segerer							A	M	S						48.9519	11.9974			380				Germany	Bavaria	Niederbayern	Kelheim	Bad Abbach, Oberndorf	559187	http://www.boldsystems.org/pics/FBLMT/BC_ZSM_Lep_25394+1248082794.jpg	temp		Axel Hausmann	2010	CreativeCommons - Attribution Non-Commercial Share-Alike	SNSB, Zoologische Staatssammlung Muenchen	ZSM Photography Team	3384900	COI-5P	HM422149	TACATTATATTTTATTTTTGGTATTTGAGCTGGAATGCTTGGTACTTCTTTAAGTTTACTAATCCGAGCAGAATTAGGTAATCCTGGATCTTTAATTGGCGATGATCAAATTTATAATACTATTGTAACAGCCCATGCTTTTATTATAATTTTTTTTATAGTTATACCTATTATAATTGGAGGATTTGGAAATTGATTAGTGCCATTAATATTAGGAGCCCCAGATATAGCATTCCCCCGAATAAATAACATAAGTTTCTGACTACTCCCCCCCTCTCTTATCCTCTTAATCTCAAGTAGAATTGTCGAAAGTGGAGCAGGAACTGGATGAACAGTTTACCCCCCCCTGTCATCTAATATTGCCCATAATGGTAGATCTGTAGATTTAACCATTTTTTCATTACATTTAGCTGGTATCTCTTCAATTTTAGGAGCAATTAATTTTATCACCACAATTATTAACATACGAATTAACTTAATAACATTTGATCAAATACCCCTATTTGTTTGAGCTGTTAGTATTACAGCTCTTCTTCTTCTCTTATCTTTACCAGTTTTAGCTGGAGCTATTACCATACTTTTAACAGACCGAAATTTAAACACCTCTTTTTTTG--------------------------------------------	1663186|1663213	FBLMT834-09[LepF1,LepR1]_F.ab1|FBLMT834-09[LepF1,LepR1]_R.ab1	http://trace.boldsystems.org/traceIO/bold.org/1391003|http://trace.boldsystems.org/traceIO/bold.org/1391030	2009-10-08 07:54:27|2009-10-08 09:20:54	Biodiversity Institute of Ontario|Biodiversity Institute of Ontario	F|R	LepF1|LepR1	COI-5P|COI-5P
FBLMW130-10	BC ZSM Lep 29060	1500348	31918:ZSM	31918:ZSM	Research Collection of Alfred Haslberger		BOLD:AAN1365	20	Arthropoda	82	Insecta	113	Lepidoptera	546510	Depressariidae	599089	Cryptolechiinae	183441	Orophia	324114	Orophia denisella			Andreas Segerer		Denis & Schiffermüller, 1775					Alfred Haslberger							A	M	S						48.9175	11.9164			365				Germany	Bavaria	Niederbayern	Kelheim	Kelheimwinzer, Lehnberg										3623411	COI-5P	HQ563414	AACATTATATTTTATTTTTGGTATTTGAGCTGGTATACTTGGCACTTCTTTAAGTTTATTAATTCGAGCAGAATTAGGTAATCCTGGATCTCTAATTGGAGATGATCAAATTTATAATACTATTGTTACAGCTCACGCTTTTATTATAATTTTTTTCATAGTTATACCTATTATAATTGGAGGATTTGGAAATTGATTAGTTCCACTAATATTAGGAGCCCCAGACATAGCATTCCCCCGAATAAATAATATAAGCTTTTGATTACTCCCCCCCTCTATTATTCTTTTAATCTCAAGAAGAATTGTTGAAAATGGAGCAGGAACTGGATGAACAATTTACCCCCCCTTATCTTCTAATATTGCCCATAGAGGTAGATCAGTAGATTTAACTATTTTTTCCCTTCATTTAGCAGGAATCTCATCAATCTTAGGAGCAATTAATTTTATCACTACAATTATTAATATACGAATTAATATAATAACATTTGATCAAATACCTTTATTCATTTGAGCTGTTAGAATCACAGCTCTTCTTCTTCTCTTATCATTACCAGTTTTAGCTGGAGCTATTACTATACTTTTAACAGATCGAAATTTAAATACCTCATTTTTTGATCCTGCTGGAGGAGGAGATCCAATCTTATACCAACATTTATTT	2194115|2194210	FBLMW130-10[LepF1,LepR1]_F.ab1|FBLMW130-10[LepF1,LepR1]_R.ab1	http://trace.boldsystems.org/traceIO/bold.org/1897460|http://trace.boldsystems.org/traceIO/bold.org/1897555	2010-07-13 19:40:35|2010-07-13 21:06:12	Biodiversity Institute of Ontario|Biodiversity Institute of Ontario	F|R	LepF1|LepR1	COI-5P|COI-5P
FBLMZ338-12	BC ZSM Lep 64419	2580838	87904:ZSM	87904:ZSM	SNSB, Zoologische Staatssammlung Muenchen		BOLD:AAE4973	20	Arthropoda	82	Insecta	113	Lepidoptera	546510	Depressariidae	599089	Cryptolechiinae	183441	Orophia	183442	Orophia ferrugella			Andreas Segerer		Denis & Schiffermüller, 1775					Dr. Andreas H. Segerer							A	M	S				Identified by barcode		48.9678	12.0038			350				Germany	Bavaria	Oberpfalz	Regensburg	Pentling, NSG Mattinger Haenge	1633941	http://www.boldsystems.org/pics/FBLMZ/BC_ZSM_Lep_64419+1338319930.JPG	Adult	Dorsal	SNSB, Zoologische Staatssammlung Muenchen	2010	CreativeCommons - Attribution Non-Commercial Share-Alike	SNSB, Zoologische Staatssammlung Muenchen	ZSM Hymenoptera Photography Group	4616012	COI-5P	KX045928	--------------------------------------TAGGTACTTCTTTAAGTTTACTAATTCGAGCAGAATTGGGAAATCCAGGTTCATTAATTGGAGATGACCAAATTTACAATACTATTGTAACAGCACATGCTTTTATTATAATTTTTTTTATAGTAATACCTATTATAATTGGAGGATTTGGAAATTGACTAGTACCATTAATATTAGGTGCCCCAGATATAGCTTTCCCACGAATAAATAATATAAGTTTCTGATTACTTCCCCCCTCTATTACACTTTTAATTTCAAGAAGAATTGTAGAAAGTGGAGCTGGAACTGGATGAACGGTTTATCCCCCCCTTTCATCTAATATCGCACATAGAGGTAGATCTGTAGATTTAGCTATTTTTTCACTACATTTAGCTGGAATTTCTTCAATTTTAGGGGCAATTAACTTTATTACTACAGTTATTAACATACGAGTTAACAATATATCATTTGACCAAATACCATTATTCGTATGAGCTGTTAGTATTACAGCTCTCCTCCTCCTCCTTTCTTTACCAGTATTAGCTGGAGCTATTACTATACTCTTAACAGATCGAAATTTAAATACTTCTTTTTTTGATCCAGCAGGAGGAGGAGATCCTATTTTATATCAACATTTATTT	4348663|4348758	FBLMZ338-12[LepF1,LepR1]_F.ab1|FBLMZ338-12[LepF1,LepR1]_R.ab1	http://trace.boldsystems.org/traceIO/bold.org/6196733|http://trace.boldsystems.org/traceIO/bold.org/6196828	2012-07-31 07:33:59|2012-07-31 09:00:25	Biodiversity Institute of Ontario|Biodiversity Institute of Ontario	F|R	LepF1|LepR1	COI-5P|COI-5P
FBLMZ626-12	BC ZSM Lep 61477	2581126	92660:ZSM	92660:ZSM	Research Collection of Peter Lichtmannecker		BOLD:AAE4973	20	Arthropoda	82	Insecta	113	Lepidoptera	546510	Depressariidae	599089	Cryptolechiinae	183441	Orophia	183442	Orophia ferrugella			Andreas Segerer		Denis & Schiffermüller, 1775					Peter Lichtmannecker							A	M	S						48.5286	13.692			310				Germany	Bavaria	Niederbayern	Passau	Untergriesbach, Rambach/Jochenstein	1634039	http://www.boldsystems.org/pics/FBLMZ/BC_ZSM_Lep_61477+1338319932.JPG	Adult	Dorsal	SNSB, Zoologische Staatssammlung Muenchen	2010	CreativeCommons - Attribution Non-Commercial Share-Alike	SNSB, Zoologische Staatssammlung Muenchen	ZSM Hymenoptera Photography Group	4624353	COI-5P	KX044833	TACTTTATATTTTATTTTCGGAATTTGAGCAGGAATATTAGGTACTTCTTTAAGTTTACTAATTCGAGCAGAATTGGGAAATCCAGGTTCATTAATTGGAGATGACCAAATTTACAATACTATTGTAACAGCACATGCTTTTATTATAATTTTTTTTATAGTAATACCTATTATAATTGGAGGATTTGGAAATTGACTAGTACCATTAATATTAGGTGCCCCAGATATAGCTTTCCCACGAATAAATAATATAAGTTTCTGATTACTTCCCCCCTCTATTACACTTTTAATTTCAAGAAGAATTGTAGAAAGTGGAGCTGGAACTGGATGAACGGTTTATCCCCCCCTTTCATCTAATATCGCACATAGAGGTAGATCTGTAGATTTAGCTATTTTTTCACTACATTTAGCTGGAATTTCTTCAATTTTAGGGGCAATTAACTTTATTACTACAGTTATTAACATACGAGTTAACAATATATCATTTGACCAAATACCATTATTCGTATGAGCTGTTAGTATTACAGCTCTCCTCCTCCTCCTTTCTTTACCAGTATTAGCTGGAGCTATTACTATACTCTTAACAGATCGAAATTTAAATACTTCTTTTTTTGATCCAGCAGGAGGAGGAGATCCTATTTTATATCAACATTTATTT	4363083|4363178	FBLMZ626-12[LepF1,LepR1]_F.ab1|FBLMZ626-12[LepF1,LepR1]_R.ab1	http://trace.boldsystems.org/traceIO/bold.org/6211153|http://trace.boldsystems.org/traceIO/bold.org/6211248	2012-07-30 20:38:24|2012-07-30 22:03:58	Biodiversity Institute of Ontario|Biodiversity Institute of Ontario	F|R	LepF1|LepR1	COI-5P|COI-5P
GMGMA1154-14	BIOUG16217-A07	5027840	BIOUG16217-A07	GMP#06015	Zoologisches Forschungsmuseum Alexander Koenig		BOLD:AAE4973	20	Arthropoda	82	Insecta	113	Lepidoptera	546510	Depressariidae	599089	Cryptolechiinae	183441	Orophia	183442	Orophia ferrugella			Kate Perez	BIN Taxonomy Match	Denis & Schiffermüller, 1775		Vouchered:Registered Collection			Rulik et al					BIOUG:GERMANY	Malaise Trap								2 bottles	50.552	7.17			194				Germany	Rhineland-Palatinate	Kreis Ahrweiler	Landskrone											6917659	COI-5P		---------------------------------------------------------TTACTAATTCGAGCAGAATTGGGAAATCCAGGTTCATTAATTGGAGAT---GACCAAATTTACAATACTATTGTAACAGCACATGCTTTTATTATAATTTTTTTTATAGTAATACCTATTATAATTGGAGGATTTGGAAATTGACTAGTACCATTAATA---TTAGGTGCCCCAGATATAGCTTTCCCACGAATAAATAATATAAGTTTCTGATTACTTCCCCCCTCTATTACACTTTTAATTTCAAGAAGAATTGTAGAAAGTGGAGCTGGAACTGGATGAACGGTTTATCCCCCCCTTTCATCTAATATCGCACATAGAGGTAGATCTGTAGATTTA---GCTATTTTTTCACTACATTTAGCTGGAATTTCTTCAATTTTAGGGGCAATTAACTTTATTACTACAGTTATTAACATACGAGTTAACAATATATCATTTGACCAAATACCATTATTCGTATGAGCTGTTAGTATTACAGCTCTCCTCCTCCTCCTTTCTTTACCAGTATTAGCTGGA---GCTATTACTATACTCTTAACAGAT------------------------------------------------	7126610	GMGMA1154-14[C_LepFolF,C_LepFolR]_R.ab1	http://trace.boldsystems.org/traceIO/bold.org/8956670	2014-10-30 08:19:52	Biodiversity Institute of Ontario	R	C_LepFolR	COI-5P
GMGMK1054-14	BIOUG17182-G06	5253153	BIOUG17182-G06	GMP#06026	Zoologisches Forschungsmuseum Alexander Koenig		BOLD:AAE4973	20	Arthropoda	82	Insecta	113	Lepidoptera	546510	Depressariidae	599089	Cryptolechiinae	183441	Orophia	183442	Orophia ferrugella			Kate Perez	BIN Taxonomy Match	Denis & Schiffermüller, 1775		Vouchered:Registered Collection			Rulik et al					BIOUG:GERMANY	Malaise Trap								2 bottles	50.552	7.17			194				Germany	Rhineland-Palatinate	Kreis Ahrweiler	Landskrone											6969662	COI-5P		TACTTTATATTTTATTTTCGGAATTTGAGCAGGAATATTAGGTACTTCTTTAAGTTTACTAATTCGAGCAGAATTGGGAAATCCAGGTTCATTAATTGGAGATGACCAAATTTACAATACTATTGTAACAGCACATGCTTTTATTATAATTTTTTTTATAGTAATACCTATTATAATTGGAGGATTTGGAAATTGACTAGTACCATTAATATTAGGTGCCCCAGATATAGCTTTCCCACGAATAAATAATATAAGTTTCTGATTACTTCCCCCCTCTATTACACTTTTAATTTCAAGAAGAATTGTAGAAAGTGGAGCTGGAACTGGATGAACGGTTTATCCCCCCCTTTCATCTAATATCGCACATAGAGGTAGATCTGTAGATTTAGCTATTTTTTCACTACATTTAGCTGGAATTTCTTCAATTTTAGGGGCAATTAACTTTATTACTACAGTTATTAACATACGAGTTAACAATATATCATTTGACCAAATACCATTATTCGTATGAGCTGTTAGTATTACAGCTCTCCTCCTCCTCCTTTCTTTACCAGTATTAGCTGGAGCTATTACTATACTCTTAACAGATCGAAATTTAAATACTTCTTTTT--------------------------	7218090	GMGMK1054-14[C_LepFolF,C_LepFolR]_R.ab1	http://trace.boldsystems.org/traceIO/bold.org/9045478	2014-11-25 09:27:31	Biodiversity Institute of Ontario	R	C_LepFolR	COI-5P
GMGML1066-14	BIOUG17268-F11	5261738	BIOUG17268-F11	GMP#06027	Zoologisches Forschungsmuseum Alexander Koenig		BOLD:AAE4973	20	Arthropoda	82	Insecta	113	Lepidoptera	546510	Depressariidae	599089	Cryptolechiinae	183441	Orophia	183442	Orophia ferrugella			Kate Perez	BIN Taxonomy Match	Denis & Schiffermüller, 1775		Vouchered:Registered Collection			Rulik et al					BIOUG:GERMANY	Malaise Trap								2 bottles	50.552	7.17			194				Germany	Rhineland-Palatinate	Kreis Ahrweiler	Landskrone											6972533	COI-5P		TTTATTTTCGGAATTTGAGCAGGAATATTAGGTACTTCTTTAAGTTTACTAATTCGAGCAGAATTGGGAAATCCAGGTTCATTAATTGGAGATGACCAAATTTACAATACTATTGTAACAGCACATGCTTTTATTATAATTTTTTTTATAGTAATACCTATTATAATTGGAGGATTTGGAAATTGACTAGTACCATTAATATTAGGTGCCCCAGATATAGCTTTCCCACGAATAAATAATATAAGTTTCTGATTACTTCCCCCCTCTATTACACTTTTAATTTCAAGAAGAATTGTAGAAAGTGGAGCTGGAACTGGATGAACGGTTTATCCCCCCCTTTCATCTAATATCGCACATAGAGGTAGATCTGTAGATTTAGCTATTTTTTCACTACATTTAGCTGGAATTTCTTCAATTTTAGGGGCAATTAACTTTATTACTACAGTTATTAACATACGAGTTAACAATATATCATTTGACCAAATACCATTATTCGTATGAGCTGTTAGTATTACAGCTCTCCTCCTCCTCCTTTCTTTACCAGTATTAGCTGGAGCTATTACTATACTCTTAACAGATCGA------------------------------------------------------	7215993	GMGML1066-14[C_LepFolF,C_LepFolR]_R.ab1	http://trace.boldsystems.org/traceIO/bold.org/9043381	2014-11-26 19:58:49	Biodiversity Institute of Ontario	R	C_LepFolR	COI-5P
GMGML1289-14	BIOUG17270-A09	5262257	BIOUG17270-A09	GMP#06027	Zoologisches Forschungsmuseum Alexander Koenig		BOLD:AAE4973	20	Arthropoda	82	Insecta	113	Lepidoptera	546510	Depressariidae	599089	Cryptolechiinae	183441	Orophia	183442	Orophia ferrugella			Kate Perez	BIN Taxonomy Match	Denis & Schiffermüller, 1775		Vouchered:Registered Collection			Rulik et al					BIOUG:GERMANY	Malaise Trap								2 bottles	50.552	7.17			194				Germany	Rhineland-Palatinate	Kreis Ahrweiler	Landskrone											6993299	COI-5P		---------TTTATTTTCGGAATTTGAGCAGGAATATTAGGTACTTCTTTA---AGTTTACTAATTCGAGCAGAATTGGGAAATCCAGGTTCATTAATTGGAGAT---GACCAAATTTACAATACTATTGTAACAGCACATGCTTTTATTATAATTTTTTTTATAGTAATACCTATTATAATTGGAGGATTTGGAAATTGACTAGTACCATTAATA---TTAGGTGCCCCAGATATAGCTTTCCCACGAATAAATAATATAAGTTTCTGATTACTTCCCCCCTCTATTACACTTTTAATTTCAAGAAGAATTGTAGAAAGTGGAGCTGGAACTGGATGAACGGTTTATCCCCCCCTTTCATCTAATATCGCACATAGAGGTAGATCTGTAGATTTA---GCTATTTTTTCACTACATTTAGCTGGAATTTCTTCAATTTTAGGGGCAATTAACTTTATTACTACAGTTATTAACATACGAGTTAACAATATATCATTTGACCAAATACCATTATTCGTATGAGCTGTTAGTATTACAGCTCTCCTCCTCCTCCTTTCTTTACCAGTATTAGCTGGA---GCTATTACTATACTCTTAACAGATCGAAATTTAAAT---------------------------------	7241602	GMGML1289-14[C_LepFolF,C_LepFolR]_R.ab1	http://trace.boldsystems.org/traceIO/bold.org/9068334	2014-12-03 11:09:04	Biodiversity Institute of Ontario	R	C_LepFolR	COI-5P
GMGML996-14	BIOUG17268-A01	5261668	BIOUG17268-A01	GMP#06027	Zoologisches Forschungsmuseum Alexander Koenig		BOLD:AAE4973	20	Arthropoda	82	Insecta	113	Lepidoptera	546510	Depressariidae	599089	Cryptolechiinae	183441	Orophia	183442	Orophia ferrugella			Kate Perez	BIN Taxonomy Match	Denis & Schiffermüller, 1775		Vouchered:Registered Collection			Rulik et al					BIOUG:GERMANY	Malaise Trap								2 bottles	50.552	7.17			194				Germany	Rhineland-Palatinate	Kreis Ahrweiler	Landskrone											6973895	COI-5P		ACTTTATATTTTATTTTCGGAATTTGAGCAGGAATATTAGGTACTTCTTTAAGTTTACTAATTCGAGCAGAATTGGGAAATCCAGGTTCATTAATTGGAGATGACCAAATTTACAATACTATTGTAACAGCACATGCTTTTATTATAATTTTTTTTATAGTAATACCTATTATAATTGGAGGATTTGGAAATTGACTAGTACCATTAATATTAGGTGCCCCAGATATAGCTTTCCCACGAATAAATAATATAAGTTTCTGATTACTTCCCCCCTCTATTACACTTTTAATTTCAAGAAGAATTGTAGAAAGTGGAGCTGGAACTGGATGAACGGTTTATCCCCCCCTTTCATCTAATATCGCACATAGAGGTAGATCTGTAGATTTAGCTATTTTTTCACTACATTTAGCTGGAATTTCTTCAATTTTAGGGGCAATTAACTTTATTACTACAGTTATTAACATACGAGTTAACAATATATCATTTGACCAAATACCATTATTCGTATGAGCTGTTAGTATTACAGCTCTCCTCCTCCTCCTTTCTTTACCAGTATTAGCTGGAGCTATTACTATACTCTTAACAGAT------------------------------------------------	7215923	GMGML996-14[C_LepFolF,C_LepFolR]_R.ab1	http://trace.boldsystems.org/traceIO/bold.org/9043311	2014-11-26 19:58:49	Biodiversity Institute of Ontario	R	C_LepFolR	COI-5P
GMGMM1299-14	BIOUG17377-D12	5270304	BIOUG17377-D12	GMP#06028	Zoologisches Forschungsmuseum Alexander Koenig		BOLD:AAE4973	20	Arthropoda	82	Insecta	113	Lepidoptera	546510	Depressariidae	599089	Cryptolechiinae	183441	Orophia	183442	Orophia ferrugella			Kate Perez	BIN Taxonomy Match	Denis & Schiffermüller, 1775		Vouchered:Registered Collection			Rulik et al					BIOUG:GERMANY	Malaise Trap								2 bottles	50.552	7.17			194				Germany	Rhineland-Palatinate	Kreis Ahrweiler	Landskrone											6996284	COI-5P		TTTATTTTCGGAATTTGAGCAGGAATATTAGGTACTTCTTTAAGTTTACTAATTCGAGCAGAATTGGGAAATCCAGGTTCATTAATTGGAGATGACCAAATTTACAATACTATTGTAACAGCACATGCTTTTATTATAATTTTTTTTATAGTAATACCTATTATAATTGGAGGATTTGGAAATTGACTAGTACCATTAATATTAGGTGCCCCAGATATAGCTTTCCCACGAATAAATAATATAAGTTTCTGATTACTTCCCCCCTCTATTACACTTTTAATTTCAAGAAGAATTGTAGAAAGTGGAGCTGGAACTGGATGAACGGTTTATCCCCCCCTTTCATCTAATATCGCACATAGAGGTAGATCTGTAGATTTAGCTATTTTTTCACTACATTTAGCTGGAATTTCTTCAATTTTAGGGGCAATTAACTTTATTACTACAGTTATTAACATACGAGTTAACAATATATCATTTGACCAAATACCATTATTCGTATGAGCTGTTAGTATTACAGCTCTCCTCCTCCTCCTTTCTTTACCAGTATTAGCTGGAGCTATTACTATACTCTTAACAGAT---------------------------------------------------------	7246332	GMGMM1299-14[C_LepFolF,C_LepFolR]_R.ab1	http://trace.boldsystems.org/traceIO/bold.org/9072305	2014-12-03 04:36:45	Biodiversity Institute of Ontario	R	C_LepFolR	COI-5P
LASTS643-14	TLMF Lep 15095	4978563	1764119		Tiroler Landesmuseen		BOLD:AAE4973	20	Arthropoda	82	Insecta	113	Lepidoptera	546510	Depressariidae	599089	Cryptolechiinae	183441	Orophia	183442	Orophia ferrugella			Peter Huemer		Denis & Schiffermüller, 1775					Huemer P.							A		S						47.296	11.552			605				Austria	Tyrol	Nordtirol		Baumkirchen W	2432224	http://www.boldsystems.org/pics/LASTS/TLMF_LEP_15095+1411143436.JPG	temp	adult	Peter Huemer	2014	CreativeCommons - Attribution Non-Commercial Share-Alike	Tiroler Landesmuseum Ferdinandeum		6804678	COI-5P		----------------------------------------------------------------------------------------------------------------------------------------------------ATTTTTTTTATAGTAATACCTATTATAATTGGAGGATTTGGAAATTGACTAGTACCATTAATATTAGGTGCCCCAGATATAGCTTTCCCACGAATAAATAATATAAGTTTCTGATTACTTCCCCCCTCTATTACACTTTTAATTTCAAGAAGAATTGTAGAAAGTGGAGCTGGAACTGGATGAACGGTTTATCCCCCCCTTTCATCTAATATCGCACATAGAGGTAGATCTGTAGATTTAGCTATTTTTTCACTACATTTAGCTGGAATTTCTTCAATTTTAGGGGCAATTAACTTTATTACTACAGTTATTAACATACGAGTTAACAATATATCATTTGACCAAATACCATTATTCGTATGAGCTGTTAGTATTACAGCTCTCCTCCTCCTCCTTTCTTTACCAGTATTAGCTGGAGCTATTACTATACTCTTAACAGATCGAAATTTAAATACTTCTTTTTTTGATCCAGCAGGA---------------------------------	7092480	LASTS643-14[LepF1,LepR1]_R.ab1	http://trace.boldsystems.org/traceIO/bold.org/8924112	2014-10-27 21:53:05	Biodiversity Institute of Ontario	R	LepR1	COI-5P
LEATB862-13	TLMF Lep 11039	3736089	1709548		Naturmuseum Suedtirol		BOLD:AAE4973	20	Arthropoda	82	Insecta	113	Lepidoptera	546510	Depressariidae	599089	Cryptolechiinae	183441	Orophia	183442	Orophia ferrugella			Peter Huemer		Denis & Schiffermüller, 1775					Huemer P.					Sesvenna 11		A		S						46.739	11.873			990				Italy	South Tyrol	Suedtirol		N Zwischenwasser/ St. Lorenzen	2141752	http://www.boldsystems.org/pics/LEATB/TLMF_Lep_11039+1379335218.JPG	temp	adult	Peter Huemer	2013	CreativeCommons - Attribution Non-Commercial Share-Alike	Tiroler Landesmuseum Ferdinandeum		5796365	COI-5P		TACTTTATATTTTATTTTCGGAATTTGAGCAGGAATATTAGGTACTTCTTTAAGTTTACTAATTCGAGCAGAATTAGGAAATCCAGGTTCATTAATTGGAGATGACCAAATTTACAATACTATTGTAACAGCACATGCTTTTATTATAATTTTTTTTATAGTAATACCTATTATAATTGGAGGATTTGGAAATTGACTAGTACCATTAATATTAGGTGCCCCAGATATAGCTTTCCCACGAATAAATAATATAAGTTTCTGATTACTTCCCCCCTCTATTACACTTTTAATTTCAAGAAGAATTGTAGAAAGTGGAGCTGGAACTGGATGAACGGTTTATCCCCCCCTTTCATCTAATATCGCACATAGAGGTAGATCTGTAGATTTAGCTATTTTTTCACTACATTTAGCTGGAATTTCTTCAATTTTAGGAGCAATTAACTTTATTACTACAGTTATTAACATACGAGTTAACAATATATCATTTGACCAAATACCATTATTCGTATGAGCTGTTAGTATTACAGCTCTCCTCCTCCTCCTTTCTTTACCAGTATTAGCTGGAGCTATTACTATACTCTTAACAGATCGGAATTTAAATACTTCTTTTTTTGATCCAGCAGGAGGAGGAGATCCTATTTTATATCAACATTTATTT	5623366|5623461	LEATB862-13[LepF1,LepR1]_F.ab1|LEATB862-13[LepF1,LepR1]_R.ab1	http://trace.boldsystems.org/traceIO/bold.org/7469893|http://trace.boldsystems.org/traceIO/bold.org/7469988	2013-10-28 18:22:10|2013-10-28 14:53:59	Biodiversity Institute of Ontario|Biodiversity Institute of Ontario	F|R	LepF1|LepR1	COI-5P|COI-5P
LEATE625-13	TLMF Lep 12037	3945778	1720025		Naturmuseum Suedtirol		BOLD:AAE4973	20	Arthropoda	82	Insecta	113	Lepidoptera	546510	Depressariidae	599089	Cryptolechiinae	183441	Orophia	183442	Orophia ferrugella			Peter Huemer		Denis & Schiffermüller, 1775					Huemer P.							A		S						46.739	11.873			990				Italy	South Tyrol	Suedtirol		N Zwischenwasser/ St. Lorenzen	2166198	http://www.boldsystems.org/pics/LEATE/TLMF_Lep_12037+1381233160.jpg	temp	adult	Peter Huemer	2013	CreativeCommons - Attribution Non-Commercial Share-Alike	Tiroler Landesmuseum Ferdinandeum		5872909	COI-5P		TACTTTATATTTTATTTTCGGAATTTGAGCAGGAATATTAGGTACTTCTTTAAGTTTACTAATTCGAGCAGAATTGGGAAATCCAGGTTCATTAATTGGAGATGACCAAATTTACAATACTATTGTAACAGCACATGCTTTTATTATAATTTTTTTTATAGTAATACCTATTATAATTGGAGGATTTGGAAATTGACTAGTACCATTAATATTAGGTGCCCCAGATATAGCTTTCCCACGAATAAATAATATAAGTTTCTGATTACTTCCCCCCTCTATTACACTTTTAATTTCAAGAAGAATTGTAGAAAGTGGAGCTGGAACTGGATGAACGGTTTATCCCCCCCTTTCATCTAATATCGCACATAGAGGTAGATCTGTAGATTTAGCTATTTTTTCACTACATTTAGCTGGAATTTCTTCAATTTTAGGAGCAATTAACTTTATTACTACAGTTATTAACATACGAGTTAACAATATATCATTTGACCAAATACCATTATTCGTATGAGCTGTTAGTATTACAGCTCTCCTCCTCCTCCTTTCTTTACCAGTATTAGCTGGAGCTATTACTATACTCTTAACAGATCGGAATTTAAATACTTCTTTTTTTGATCCAGCAGGAGGAGGAGATCCTATTTTATATCAACATTTATTT	5749140|5751702	LEATE625-13[LepF1,LepR1]_F.ab1|LEATE625-13[LepF1,LepR1]_R.ab1	http://trace.boldsystems.org/traceIO/bold.org/7595667|http://trace.boldsystems.org/traceIO/bold.org/7598229	2013-12-03 02:21:53|2013-12-02 19:35:25	Biodiversity Institute of Ontario|Biodiversity Institute of Ontario	F|R	LepF1|LepR1	COI-5P|COI-5P
LEATE626-13	TLMF Lep 12038	3945779	1720026		Naturmuseum Suedtirol		BOLD:AAE4973	20	Arthropoda	82	Insecta	113	Lepidoptera	546510	Depressariidae	599089	Cryptolechiinae	183441	Orophia	183442	Orophia ferrugella			Peter Huemer		Denis & Schiffermüller, 1775					Huemer P.							A		S						46.739	11.873			990				Italy	South Tyrol	Suedtirol		N Zwischenwasser/ St. Lorenzen	2166199	http://www.boldsystems.org/pics/LEATE/TLMF_Lep_12038+1381233148.jpg	temp	adult	Peter Huemer	2013	CreativeCommons - Attribution Non-Commercial Share-Alike	Tiroler Landesmuseum Ferdinandeum		5872910	COI-5P		TACTTTATATTTTATTTTCGGAATTTGAGCAGGAATATTAGGTACTTCTTTAAGTTTACTAATTCGAGCAGAATTGGGAAATCCAGGTTCATTAATTGGAGATGACCAAATTTACAATACTATTGTAACAGCACATGCTTTTATTATAATTTTTTTTATAGTAATACCTATTATAATTGGAGGATTTGGAAATTGACTAGTACCATTAATATTAGGTGCCCCAGATATAGCTTTCCCACGAATAAATAATATAAGTTTCTGATTACTTCCCCCCTCTATTACACTTTTAATTTCAAGAAGAATTGTAGAAAGTGGAGCTGGAACTGGATGAACGGTTTATCCCCCCCTTTCATCTAATATCGCACATAGAGGTAGATCTGTAGATTTAGCTATTTTTTCACTACATTTAGCTGGAATTTCTTCAATTTTAGGAGCAATTAACTTTATTACTACAGTTATTAACATACGAGTTAACAATATATCATTTGACCAAATACCATTATTCGTATGAGCTGTTAGTATTACAGCTCTCCTCCTCCTCCTTTCTTTACCAGTATTAGCTGGAGCTATTACTATACTCTTAACAGATCGGAATTTAAATACTTCTTTTTTTGATCCAGCAGGAGGAGGAGATCCTATTTTATATCAACATTTATTT	5749141|5751703	LEATE626-13[LepF1,LepR1]_F.ab1|LEATE626-13[LepF1,LepR1]_R.ab1	http://trace.boldsystems.org/traceIO/bold.org/7595668|http://trace.boldsystems.org/traceIO/bold.org/7598230	2013-12-03 02:21:53|2013-12-02 19:35:25	Biodiversity Institute of Ontario|Biodiversity Institute of Ontario	F|R	LepF1|LepR1	COI-5P|COI-5P
LEATH130-14	TLMF Lep 15247	5225447	1774043		Tiroler Landesmuseen		BOLD:AAE4973	20	Arthropoda	82	Insecta	113	Lepidoptera	546510	Depressariidae	599089	Cryptolechiinae	183441	Orophia	183442	Orophia ferrugella			Peter Huemer		Denis & Schiffermüller, 1775					Huemer P.							A		S						47.22	10.863			780				Austria	Tyrol	Nordtirol		Haiming/ E Brunau	2473664	http://www.boldsystems.org/pics/LEATH/15247+1412766754.JPG	temp	adult	Peter Huemer	2014	CreativeCommons - Attribution Non-Commercial Share-Alike	Tiroler Landesmuseum Ferdinandeum		6987696	COI-5P		-------------------------------------TTAGGTACTTCTTTAAGTTTACTAATTCGAGCAGAATTGGGAAATCCAGGTTCATTAATTGGAGATGACCAAATTTACAATACTATTGTAACAGCACATGCTTTTATTATAATTTTTTTTATAGTAATACCTATTATAATTGGAGGATTTGGAAATTGACTAGTACCATTAATATTAGGTGCCCCAGATATAGCTTTCCCACGAATAAATAATATAAGTTTCTGATTACTTCCCCCCTCTATTACACTTTTAATTTCAAGAAGAATTGTAGAAAGTGGAGCTGGAACTGGATGAACGGTTTATCCCCCCCTTTCATCTAATATCGCACATAGAGGTAGATCTGTAGATTTAGCTATTTTTTCACTACATTTAGCTGGAATTTCTTCAATTTTAGGGGCAATTAACTTTATTACTACAGTTATTAACATACGAGTTAACAATATATCATTTGACCAAATACCATTATTCGTATGAGCTGTTAGTATTACAGCTCTCCTCCTCCTCCTTTCTTTACCAGTATTAGCTGGAGCTATTACTATACTCTTAACAGATCGAAATTTAAATACTTCTTTTTTTGATCCAGCAGGAGGAGGAGATCCTATTTTATATCAACATTTATTT	7237040	LEATH130-14[LepF1,LepR1]_F.ab1	http://trace.boldsystems.org/traceIO/	2014-11-28 11:44:44	Biodiversity Institute of Ontario	F	LepF1	COI-5P
LEATI327-15	TLMF Lep 17807	6074154	1813260		Tiroler Landesmuseen		BOLD:AAE4973	20	Arthropoda	82	Insecta	113	Lepidoptera	546510	Depressariidae	599089	Cryptolechiinae	183441	Orophia	183442	Orophia ferrugella			Peter Huemer		Denis & Schiffermüller, 1775			leg		Huemer P.							A		S						47.247	11.4			660				Austria	Tyrol	Nordtirol	Umg. Innsbruck	Sillschlucht, Bergisel S	2649366	http://www.boldsystems.org/pics/LEATI/TLMF_Lep_17807+1435583726.jpg	temp	adult	Peter Huemer	2015	CreativeCommons - Attribution Non-Commercial Share-Alike	Tiroler Landesmuseum Ferdinandeum		7822855	COI-5P		----------------------------------------GGTACTTCTTTAAGTTTACTAATTCGAGCAGAATTGGGAAATCCAGGTTCATTAATTGGAGATGACCAAATTTACAATACTATTGTAACAGCACATGCTTTTATTATAATTTTTTTTATAGTAATACCTATTATAATTGGAGGATTTGGAAATTGACTAGTACCATTAATATTAGGTGCCCCAGATATAGCTTTCCCACGAATAAATAATATAAGTTTCTGATTACTTCCCCCCTCTATTACACTTTTAATTTCAAGAAGAATTGTAGAAAGTGGAGCTGGAACTGGATGAACGGTTTATCCCCCCCTTTCATCTAATATCGCACATAGAGGTAGATCTGTAGATTTAGCTATTTTTTCACTACATTTAGCTGGAATTTCTTCAATTTTAGGGGCAATTAACTTTATTACTACAGTTATTAACATACGAGTTAACAATATATCATTTGACCAAATACCATTATTCGTATGAGCTGTTAGTATTACAGCTCTCCTCCTCCTCCTTTCTTTACCAGTATTAGCTGGAGCTATTACTATACTCTTAACAGATCGAAATTTAAATACTTCTTTTTTTGATCCAGCAGGAGGAGGAGATCCTATTTTATATCAACATTTATTT	8270859	LEATI327-15[LepF1,LepR1]_F.ab1	http://trace.boldsystems.org/traceIO/bold.org/10089564	2015-08-13 16:20:54	Biodiversity Institute of Ontario	F	LepF1	COI-5P
LEATJ583-15	TLMF Lep 18158	6386540	1818225		Tiroler Landesmuseen		BOLD:AAE4973	20	Arthropoda	82	Insecta	113	Lepidoptera	546510	Depressariidae	599089	Cryptolechiinae	183441	Orophia	183442	Orophia ferrugella			Peter Huemer		Denis & Schiffermüller, 1775			leg		Huemer P.							A		S						47.22	10.863		100	780				Austria	Tyrol	Nordtirol		Haiming/ E Brunau	2701682	http://www.boldsystems.org/pics/LEATJ/TLMF_Lep_18158+1442524688.jpg	temp	adult	Peter Huemer	2015	CreativeCommons - Attribution Non-Commercial Share-Alike	Tiroler Landesmuseum Ferdinandeum		7988630	COI-5P		TACTTTATATTTTATTTTCGGAATTTGAGCAGGAATATTAGGTACTTCTTTAAGTTTACTAATTCGAGCAGAATTGGGAAATCCAGGTTCATTAATTGGAGATGACCAAATTTACAATACTATTGTAACAGCACATGCTTTTATTATAATTTTTTTTATAGTAATACCTATTATAATTGGAGGATTTGGAAATTGACTAGTACCATTAATATTAGGTGCCCCAGATATAGCTTTCCCACGAATAAATAATATAAGTTTCTGATTACTTCCCCCCTCTATTACACTTTTAATTTCAAGAAGAATTGTAGAAAGTGGAGCTGGAACTGGATGAACGGTTTATCCCCCCCTTTCATCTAATATCGCACATAGAGGTAGATCTGTAGATTTAGCTATTTTTTCACTACATTTAGCTGGAATTTCTTCAATTTTAGGGGCAATTAACTTTATTACTACAGTTATTAACATACGAGTTAACAATATATCATTTGACCAAATACCATTATTCGTATGAGCTGTTAGTATTACAGCTCTCCTCCTCCTCCTTTCTTTACCAGTATTAGCTGGAGCTATTACTATACTCTTAACAGATCGAAATTTAAATACTTCTTTTTTTGATCCAGCAGGAGGAGGAGATCCTATTTTATATCAACATTTATTT	8547640|8547955	LEATJ583-15[LepF1,LepR1]_R.ab1|LEATJ583-15[LepF1,LepR1]_F.ab1	http://trace.boldsystems.org/traceIO/bold.org/10366350|http://trace.boldsystems.org/traceIO/bold.org/10366665	2015-10-19 20:38:29|2015-10-19 17:51:23	Biodiversity Institute of Ontario|Biodiversity Institute of Ontario	R|F	LepR1|LepF1	COI-5P|COI-5P
LEFIA1268-10	MM00128	1331373		MM00128	University of Oulu		BOLD:AAE4973	20	Arthropoda	82	Insecta	113	Lepidoptera	546510	Depressariidae	599089	Cryptolechiinae	183441	Orophia	183442	Orophia ferrugella			Marko Mutanen		Denis & Schiffermüller, 1775					L. Kaila							A		S						59.829	23.612							Finland	Uusimaa	Nylandia		Tammisaari										3643125	COI-5P	JF818773	TACTTTATATTTTATTTTYGGAATTTGAGCAGGAATATTAGGTACTTCTTTAAGTTTACTAATTCGAGCAGAATTAGGAAATCCAGGTTCATTAATTGGAGATGACCAAATTTACAATACTATTGTAACAGCACATGCTTTTATTATAATTTTTTTTATAGTAATACCTATTATAATTGGAGGATTTGGAAATTGACTAGTACCATTAATATTAGGTGCCCCAGATATAGCTTTCCCACGAATAAATAATATAAGTTTCTGATTACTTCCCCCCTCTATTACACTTTTAATTTCAAGAAGAATTGTAGAAAGTGGAGCTGGAACTGGATGAACGGTTTATCCCCCCCTTTCATCTAATATCGCACATAGAGGTAGATCTGTAGATTTAGCTATTTTTTCACTACATTTAGCTGGAATTTCTTCAATTTTAGGGGCAATTAACTTTATTACTACAGTTATTAACATACGAGTTAACAATATATCATTTGACCAAATACCATTATTCGTATGAGCTGTTAGTATTACAGCTCTCCTCCTCCTCCTTTCTTTACCAGTATTAGCTGGAGCTATTACTATACTCTTAACAGATCGAAATTTAAATACTTCTTTTTTTGATCCAGCAGGAGGAGGAGATCCTATTTTATATCAACATTTATTT								
LEFIA837-10	MM09712	1327943	MM09712		University of Oulu, Zoological Museum		BOLD:AAE4973	20	Arthropoda	82	Insecta	113	Lepidoptera	546510	Depressariidae	599089	Cryptolechiinae	183441	Orophia	183442	Orophia ferrugella			Marko Mutanen		Denis & Schiffermüller, 1775					Marko Mutanen, Meelika Mutanen, Atsalea Mutanen, Sylvia Mutanen															60.356	19.908							Finland	Aland Islands	Alandia	Geta		758533	http://www.boldsystems.org/pics/LEFIA/IMG_9607+1273152742.JPG	temp		CBG Photography Group	2010	CreativeCommons - Attribution Non-Commercial Share-Alike	Centre for Biodiversity Genomics	Jaclyn McCormick	3473714	COI-5P	HM386977	TACTTTATATTTTATTTTCGGAATTTGAGCAGGAATATTAGGTACTTCTTTAAGTTTACTAATTCGAGCAGAATTGGGAAATCCAGGTTCATTAATTGGAGATGACCAAATTTACAATACTATTGTAACAGCACATGCTTTTATTATAATTTTTTTTATAGTAATACCTATTATAATTGGAGGATTTGGAAATTGACTAGTACCATTAATATTAGGTGCCCCAGATATAGCTTTCCCACGAATAAATAATATAAGTTTCTGATTACTTCCCCCCTCTATTACACTTTTAATTTCAAGAAGAATTGTAGAAAGTGGAGCTGGAACTGGATGAACGGTTTATCCCCCCCTTTCATCTAATATCGCACATAGAGGTAGATCTGTAGATTTAGCTATTTTTTCACTACATTTAGCTGGAATTTCTTCAATTTTAGGGGCAATTAACTTTATTACTACAGTTATTAACATACGAGTTAACAATATATCATTTGACCAAATACCATTATTCGTATGAGCTGTTAGTATTACAGCTCTCCTCCTCCTCCTTTCTTTACCAGTATTAGCTGGAGCTATTACTATACTCTTAACAGATCGAAATTTAAATACTTCTTTTTTTGATCCAGCAGGAGGAGGAGATCCTATTTTATATCAACATTTATTT	1875991|1876086	LEFIA837-10[LepF1,LepR1]_R.ab1|LEFIA837-10[LepF1,LepR1]_F.ab1	http://trace.boldsystems.org/traceIO/bold.org/1597322|http://trace.boldsystems.org/traceIO/bold.org/1597417	2010-02-12 01:08:57|2010-02-12 10:05:19	Biodiversity Institute of Ontario|Biodiversity Institute of Ontario	R|F	LepR1|LepF1	COI-5P|COI-5P
LEFIB726-10	MM02547	1436297	MM02547		University of Oulu, Zoological Museum		BOLD:AAE4973	20	Arthropoda	82	Insecta	113	Lepidoptera	546510	Depressariidae	599089	Cryptolechiinae	183441	Orophia	183442	Orophia ferrugella			Marko Mutanen		Denis & Schiffermüller, 1775					Marko Mutanen, Panu Vaelimaeki							adult		S					Year: 2006	61.108	28.799							Finland	South Karelia	Savonia australis		Imatra	747825	http://www.boldsystems.org/pics/LEFIB/IMG_5287+1272399374.JPG	Lateral		CBG Photography Group	2010	CreativeCommons - Attribution Non-Commercial Share-Alike	Centre for Biodiversity Genomics	Jaclyn McCormick	3539831	COI-5P	HM871604	TACTTTATATTTTATTTTCGGAATTTGAGCAGGAATATTAGGTACTTCTTTAAGTTTACTAATTCGAGCAGAATTAGGAAATCCAGGTTCATTAATTGGAGATGACCAAATTTACAATACTATTGTAACAGCACATGCTTTTATTATAATTTTTTTTATAGTAATACCTATTATAATTGGAGGATTTGGAAATTGACTAGTACCATTAATATTAGGTGCCCCAGATATAGCTTTCCCACGAATAAATAATATAAGTTTCTGATTACTTCCCCCCTCTATTACACTTTTAATTTCAAGAAGAATTGTAGAAAGTGGAGCTGGAACTGGATGAACGGTTTATCCCCCCCTTTCATCTAATATCGCACATAGAGGTAGATCTGTAGATTTAGCTATTTTTTCACTACATTTAGCTGGAATTTCTTCAATTTTAGGGGCAATTAACTTTATTACTACAGTTATTAACATACGAGTTAACAATATATCATTTGACCAAATACCATTATTCGTATGAGCTGTTAGTATTACAGCTCTCCTCCTCCTCCTTTCTTTACCAGTATTAGCTGGAGCTATTACTATACTCTTAACAGATCGAAATTTAAATACTTCTTTTTTTGATCCAGCAGGAGGAGGAGATCCTATTTTATATCAACATTTATTT	2041997|2042092	LEFIB726-10[LepF1,LepR1]_F.ab1|LEFIB726-10[LepF1,LepR1]_R.ab1	http://trace.boldsystems.org/traceIO/bold.org/1751898|http://trace.boldsystems.org/traceIO/bold.org/1751993	2010-04-30 09:07:49|2010-04-30 10:53:35	Biodiversity Institute of Ontario|Biodiversity Institute of Ontario	F|R	LepF1|LepR1	COI-5P|COI-5P
LEFID724-10	MM06780	1438344	MM06780		University of Oulu, Zoological Museum		BOLD:AAE4973	20	Arthropoda	82	Insecta	113	Lepidoptera	546510	Depressariidae	599089	Cryptolechiinae	183441	Orophia	183442	Orophia ferrugella			Marko Mutanen		Denis & Schiffermüller, 1775					Marko Mutanen							adult		S						60.114	19.924							Finland	Aland Islands	Alandia	Maarianhamina		750093	http://www.boldsystems.org/pics/LEFID/IMG_0056+1272577848.JPG	Lateral		CBG Photography Group	2010	CreativeCommons - Attribution Non-Commercial Share-Alike	Centre for Biodiversity Genomics	Megan Swan	3536980	COI-5P	HM873481	TACTTTATATTTTATTTTCGGAATTTGAGCAGGAATATTAGGTACTTCTTTAAGTTTACTAATTCGAGCAGAATTGGGAAATCCAGGTTCATTAATTGGAGATGACCAAATTTACAATACTATTGTAACAGCACATGCTTTTATTATAATTTTTTTTATAGTAATACCTATTATAATTGGAGGATTTGGAAATTGACTAGTACCATTAATATTAGGTGCCCCAGATATAGCTTTCCCACGAATAAATAATATAAGTTTCTGATTACTTCCCCCCTCTATTACACTTTTAATTTCAAGAAGAATTGTAGAAAGTGGAGCTGGAACTGGATGAACGGTTTATCCCCCCCTTTCATCTAATATCGCACATAGAGGTAGATCTGTAGATTTAGCTATTTTTTCACTACATTTAGCTGGAATTTCTTCAATTTTAGGGGCAATTAACTTTATTACTACAGTTATTAACATACGAGTTAACAATATATCATTTGACCAAATACCATTATTCGTATGAGCTGTTAGTATTACAGCTCTCCTCCTCCTCCTTTCTTTACCAGTATTAGCTGGAGCTATTACTATACTCTTAACAGATCGAAATTTAAATACTTCTTTTTTTGATCCAGCAGGAGGAGGAGATCCTATTTTATATCAACATTTATTT	2034897|2034992	LEFID724-10[LepF1,LepR1]_R.ab1|LEFID724-10[LepF1,LepR1]_F.ab1	http://trace.boldsystems.org/traceIO/bold.org/1744868|http://trace.boldsystems.org/traceIO/bold.org/1744963	2010-05-05 09:21:09|2010-05-05 07:52:16	Biodiversity Institute of Ontario|Biodiversity Institute of Ontario	R|F	LepR1|LepF1	COI-5P|COI-5P
LON1641-15	NHMO-DAR-5161	6500138	2015067		University of Oslo, Natural History Museum			20	Arthropoda	82	Insecta	113	Lepidoptera	546510	Depressariidae	599089	Cryptolechiinae	183441	Orophia	183442	Orophia ferrugella			Kai Berggren		Denis & Schiffermüller, 1775					Kai Berggren, Reidar  Voith															59.206	10.569							Norway	Vestfold	Notteroy		Ostre Bolaerne																					
LON451-08	NHMO-08101	946100	NHMO Lep08101	NHMO Lep08101	University of Oslo, Natural History Museum		BOLD:AAE4973	20	Arthropoda	82	Insecta	113	Lepidoptera	546510	Depressariidae	599089	Cryptolechiinae	183441	Orophia	183442	Orophia ferrugella			Leif Aarvik		Denis & Schiffermüller, 1775					Leif Aarvik							A	M							59.8953	10.76							Norway	Akershus	Oslo		Ekebergskraninga	2674748	http://www.boldsystems.org/pics/LON/08101_Orophia_ferrugella_001_Red_+1410896430.jpg	temp			2015	CreativeCommons - Attribution Non-Commercial Share-Alike	University of Oslo, Natural History Museum	Leif Aarvik	2580701	COI-5P	KX050055	-ACTTTATATTTTATTTTCGGAATTGGAGCAGGAATATTAGGTACTTCTTTAAGTTTACTAATTCGAGCAGAATTGGGAAATCCAGGTTCATTAATTGGAAATGACCAAATTTACAATACTATTGTAACAGCACATGCTTTTATTATAATTTTTTTTATAGTAATACCTATTATAATTGGAGGATTTGGAAATTGACTAGTACCATTAATATTAGGTGCCCCAGATATAGCTTTCCCACGAATAAATAATATAAGTTTCTGATTACTTCCCCCCTCTATTACACTTTTAATTTCAAGAAGAATTGTAGAAAGTGGAGCTGGAACTGGATGAACGGTTTATCCCCCCCTTTCATCTAATATCGCACATAGAGGTAGATCTGTAGATTTAGCTATTTTTTCACTACATTTAGCTGGAATTTCTTCAATTTTAGGGGCAATTAACTTTATTACTACAGTTATTAACATACGAGTTAACAATATATCATTTGACCAAATACCATTATTCGTATGAGCTGTTAGTATTACAGCTCTCCTCCTCCTCCTTTCTTTACCAGTATTAGCTGGAGCTATTACTATACTCTTAACAGATCGAAATTTAAATACTTCTTTTTTTGATCCAGCAGGAGGAGGAGATCCTATTTTATATCAACATTTATTT	1166607	1_LepR1_101_E12_10.ab1	http://trace.boldsystems.org/traceIO/bold.org/921386	2008-10-14 20:38:27	Unknown	R	LepR1	COI-5P
PHLAA504-09	TLMF Lep 00544	1298390	TLMF Lep 00544	TLMF Lep 00544	Tiroler Landesmuseen		BOLD:AAI3458	20	Arthropoda	82	Insecta	113	Lepidoptera	546510	Depressariidae	599089	Cryptolechiinae	183441	Orophia	324114	Orophia denisella			Peter Huemer		Denis & Schiffermüller, 1775					Huemer P.							A		S					::taxonomy:denisella::endTaxonomy:	46.5182	14.7735			1650				Austria	Carinthia			Petzen N, Umg. Gh. Siebenhuetten	615985	http://www.boldsystems.org/pics/PHLAA/TLMF_Lep_00544+1259047892.JPG	Lateral		Tiroler Landesmuseen	2010	CreativeCommons - Attribution Non-Commercial Share-Alike	Tiroler Landesmuseen	S. Heim	3495646	COI-5P	HM381387	AACATTATATTTTATTTTTGGTATTTGAGCTGGTATGCTTGGCACTTCTTTAAGTTTATTAATTCGAACAGAATTAGGTAATCCTGGATCCTTAATTGGAGATGATCAAATTTATAATACTATTGTTACAGCTCACGCTTTTATTATAATTTTTTTTATAGTTATACCTATTATAATTGGAGGATTTGGAAATTGATTAATCCCACTAATATTAGGAGCCCCAGATATAGCATTCCCTCGAATAAATAATATAAGTTTTTGATTACTCCCTCCCTCTATTACTCTTTTAATTTCAAGAAGAATTGTCGAAAATGGGGCAGGAACTGGATGAACAGTATATCCCCCCTTATCCTCTAATATTGCCCATAGAGGAAGATCAGTAGATTTAACTATTTTTTCCCTTCATTTAGCGGGAATCTCATCAATCCTAGGAGCAATTAATTTTATCACTACAATTATTAATATACGAATTAATATAATAACATTTGACCAAATACCCTTATTCGTCTGAGCTGTTAGAATCACAGCTCTTCTTCTCCTCCTATCATTACCAGTTTTAGCTGGAGCTATTACTATACTTTTAACAGATCGAAACTTAAATACCTCATTTTTTGACCCTGCTGGAGGAGGAGATCCAATTTTATACCAACATTTATTT	1930752|1930765|1930778|1930788	PHLAA504-09[MLepF1,LepR1]_R.ab1|PHLAA504-09[MLepF1,LepR1]_F.ab1|PHLAA504-09[LepF1,MLepR1]_R.ab1|PHLAA504-09[LepF1,MLepR1]_F.ab1	http://trace.boldsystems.org/traceIO/bold.org/1649169|http://trace.boldsystems.org/traceIO/bold.org/1649182|http://trace.boldsystems.org/traceIO/bold.org/1649195|http://trace.boldsystems.org/traceIO/bold.org/1649205	2010-02-22 11:56:03|2010-02-22 13:24:38|2010-02-25 11:33:27|2010-02-25 12:17:17	Biodiversity Institute of Ontario|Biodiversity Institute of Ontario|Biodiversity Institute of Ontario|Biodiversity Institute of Ontario	R|F|R|F	LepR1|MLepF1|MLepR1|LepF1	COI-5P|COI-5P|COI-5P|COI-5P
PHLAB106-10	TLMF Lep 00906	1369929	1372317		Tiroler Landesmuseen		BOLD:AAK0640	20	Arthropoda	82	Insecta	113	Lepidoptera	546510	Depressariidae	599089	Cryptolechiinae	183441	Orophia	275502	Orophia sordidella			Peter Huemer		Hübner, 1801					Huemer P.							A		S						47.251	9.971			1200				Austria	Vorarlberg			Sonntag, Buchboden, S Unter-Ueberlutalpe	684573	http://www.boldsystems.org/pics/PHLAB/BC_TLMF_Lep_00906+1265282856.jpg	temp		Tiroler Landesmuseen	2010	CreativeCommons - Attribution Non-Commercial Share-Alike	Tiroler Landesmuseen	S. Heim	3495856	COI-5P	HM381478	TACATTATATTTTATTTTTGGTATTTGAGCTGGAATGCTTGGTACTTCTTTAAGTTTACTAATCCGAGCAGAATTAGGTAATCCTGGATCTTTAATTGGCGATGATCAAATTTATAATACTATTGTAACAGCCCATGCTTTTATTATAATTTTTTTTATAGTTATACCTATTATAATTGGAGGATTTGGAAATTGATTAGTGCCATTAATATTAGGAGCCCCAGATATAGCATTCCCCCGAATAAATAACATAAGTTTCTGACTACTCCCCCCCTCTCTTATCCTCTTAATCTCAAGTAGAATTGTCGAAAGTGGAGCAGGAACTGGATGAACAGTTTACCCCCCCCTGTCATCTAATATTGCCCATAATGGTAGATCTGTAGATTTAACCATTTTTTCATTACATTTAGCTGGTATCTCTTCAATTTTAGGAGCAATTAATTTTATCACCACAATTATTAACATACGAATTAACTTAATAACATTTGATCAAATACCCCTATTTGTTTGAGCTGTTAGTATTACAGCTCTTCTTCTTCTCTTATCTTTACCAGTTTTAGCTGGAGCTATTACCATACTTTTAACAGACCGAAATTTAAACACCTCTTTTTTTGATCCTGCTGGAGGAGGTGATCCAATTTTATACCAACACTTATTT	1931346|1931441	PHLAB106-10[LepF1,LepR1]_F.ab1|PHLAB106-10[LepF1,LepR1]_R.ab1	http://trace.boldsystems.org/traceIO/bold.org/1649762|http://trace.boldsystems.org/traceIO/bold.org/1649856	2010-03-16 20:32:45|2010-03-16 22:02:06	Biodiversity Institute of Ontario|Biodiversity Institute of Ontario	F|R	LepF1|LepR1	COI-5P|COI-5P
PHLAB204-10	TLMF Lep 01004	1370027	1372470		Tiroler Landesmuseen		BOLD:AAI2316	20	Arthropoda	82	Insecta	113	Lepidoptera	546510	Depressariidae	599089	Cryptolechiinae	183441	Orophia	266468	Orophia mendosella			Peter Huemer		Zeller, 1868					Huemer P.							A		S						46.344	13.209			1280				Italy	Friuli-Venezia Giulia	Udine, Val Venzonassa		Jof Ungarina SW-Seite/ Malga Confin W	684671	http://www.boldsystems.org/pics/PHLAB/BC_TLMF_Lep_01004+1265364992.jpg	temp		Tiroler Landesmuseen	2010	CreativeCommons - Attribution Non-Commercial Share-Alike	Tiroler Landesmuseen	S. Heim	3495107	COI-5P	HM381568	AACATTATATTTTATTTTTGGTATTTGAGCTGGAATACTTGGTTCTTCATTAAGATTATTAATTCGAGCAGAACTAGGAAACCCCGGCTTTTTAATTGGAGATGATCAAATCTATAATTCCATTGTAACAGCCCATGCTTTTATTATAATTTTTTTTATAGTTATACCTATCATAATTGGAGGATTTGGAAATTGATTAATTCCTTTAATATTAGGAGCCCCAGATATAGCATTCCCTCGAATAAATAATATAAGTTTTTGATTACTTCCCCCATCTATTACCCTTTTAATTTCAAGAAGAATTGTAGAAAGCGGAGCAGGAACTGGATGAACAGTTTACCCCCCCCTCTCATCCAATATTGCTCATAGTGGTAGATCTGTAGATTTAGCTATTTTTTCTTTACATTTAGCAGGAATTTCCTCAATCTTAGGTGCAATTAATTTTATCACAACAATTATTAATATACGAATTAACATAATAACATTTGATCAAATACCTTTATTTATTTGAGCTATTGGTATTACAACTCTCCTTCTTCTTCTCTCTCTACCAGTATTAGCTGGGGCTATTACCATACTTTTAACAGATCGTAATTTAAATACTTCTTTTTTTGATCCTGCTGGAGGAGGAGATCCAATTTTATACCAACATTTATTT	1929255|1929350	PHLAB204-10[LepF1,LepR1]_F.ab1|PHLAB204-10[LepF1,LepR1]_R.ab1	http://trace.boldsystems.org/traceIO/bold.org/1647672|http://trace.boldsystems.org/traceIO/bold.org/1647767	2010-03-15 11:54:37|2010-03-15 13:23:10	Biodiversity Institute of Ontario|Biodiversity Institute of Ontario	F|R	LepF1|LepR1	COI-5P|COI-5P
PHLAB205-10	TLMF Lep 01005	1370028	1372471		Tiroler Landesmuseen		BOLD:AAI2316	20	Arthropoda	82	Insecta	113	Lepidoptera	546510	Depressariidae	599089	Cryptolechiinae	183441	Orophia	266468	Orophia mendosella			Peter Huemer		Zeller, 1868					Huemer P.							A		S						46.344	13.209			1280				Italy	Friuli-Venezia Giulia	Udine, Val Venzonassa		Jof Ungarina SW-Seite/ Malga Confin W	684672	http://www.boldsystems.org/pics/PHLAB/BC_TLMF_Lep_01005+1265364960.jpg	temp		Tiroler Landesmuseen	2010	CreativeCommons - Attribution Non-Commercial Share-Alike	Tiroler Landesmuseen	S. Heim	3495108	COI-5P	HM381569	AACATTATATTTTATTTTTGGTATTTGAGCTGGAATACTTGGTTCTTCATTAAGATTATTAATTCGAGCAGAACTAGGAAACCCCGGCTTTTTAATTGGAGATGATCAAATCTATAATTCCATTGTAACAGCCCATGCTTTTATTATAATTTTTTTTATAGTTATACCTATCATAATTGGAGGATTTGGAAATTGATTAATTCCTTTAATATTAGGAGCCCCAGATATAGCATTCCCTCGAATAAATAATATAAGTTTTTGATTACTTCCCCCATCTATTACCCTTTTAATTTCAAGAAGAATTGTAGAAAGCGGAGCAGGAACTGGATGAACAGTTTACCCCCCCCTCTCATCCAATATTGCTCATAGTGGTAGATCTGTAGATTTAGCTATTTTTTCTTTACATTTAGCAGGAATTTCCTCAATCTTAGGTGCAATTAATTTTATCACAACAATTATTAATATACGAATTAACATAATAACATTTGATCAAATACCTTTATTTATTTGAGCTATTGGTATTACAACTCTCCTTCTTCTTCTCTCTCTACCAGTATTAGCTGGGGCTATTACCATACTTTTAACAGATCGTAATTTAAATACTTCTTTTTTTGATCCTGCTGGAGGAGGAGATCCAATTTTATACCAACATTTATTT	1929256|1929351	PHLAB205-10[LepF1,LepR1]_F.ab1|PHLAB205-10[LepF1,LepR1]_R.ab1	http://trace.boldsystems.org/traceIO/bold.org/1647673|http://trace.boldsystems.org/traceIO/bold.org/1647768	2010-03-15 11:54:37|2010-03-15 13:23:10	Biodiversity Institute of Ontario|Biodiversity Institute of Ontario	F|R	LepF1|LepR1	COI-5P|COI-5P
PHLAB730-10	TLMF Lep 01530	1694659	1424813		Tiroler Landesmuseen		BOLD:AAI3458	20	Arthropoda	82	Insecta	113	Lepidoptera	546510	Depressariidae	599089	Cryptolechiinae	183441	Orophia	324114	Orophia denisella			Peter Huemer		Denis & Schiffermüller, 1775					Huemer P.							A		S						42.4833	13			1730				Italy	Lazio	Rieti		Monte Terminillo N										3757738	COI-5P	HQ968742	AACATTATATTTTATTTTTGGTATTTGAGCTGGTATGCTTGGCACCTCTTTAAGTTTATTAATTCGAGCAGAATTAGGTAATCCTGGATCTTTAATTGGAGATGATCAAATTTATAATACTATTGTTACAGCTCACGCTTTTATTATAATTTTTTTTATAGTTATACCTATTATAATTGGAGGATTTGGAAATTGATTAATCCCACTAATATTAGGAGCTCCAGATATAGCATTCCCTCGAATAAATAATATAAGTTTTTGATTACTCCCCCCCTCTATTACTCTTTTAATTTCAAGAAGAATTGTTGAAAATGGAACAGGAACTGGATGAACAATCTATCCCCCCTTATCCTCTAATATTGCCCATAGAGGAAGATCAGTAGATTTAACTATTTTTTCCCTTCATTTAGCAGGAATCTCATCAATCCTAGGAGCAATTAATTTTATCACTACAATTATTAATATACGAGTTAATATAATAACATTTGACCAAATACCCTTATTCGTCTGAGCTGTTAGAATCACAGCTCTTCTTCTCCTCCTATCATTACCAGTTTTAGCTGGAGCTATTACTATACTTTTAACAGATCGAAACTTAAATACCTCATTTTTTGACCCTGCTGGAGGAGGAGATCCAATTTTATACCAACATTTATTT	2556846|2556941	PHLAB730-10[LepF1,LepR1]_F.ab1|PHLAB730-10[LepF1,LepR1]_R.ab1	http://trace.boldsystems.org/traceIO/bold.org/2243011|http://trace.boldsystems.org/traceIO/bold.org/2243106	2010-11-30 00:57:44|2010-11-30 02:24:13	Biodiversity Institute of Ontario|Biodiversity Institute of Ontario	F|R	LepF1|LepR1	COI-5P|COI-5P
PHLAB731-10	TLMF Lep 01531	1694660	1424814		Tiroler Landesmuseen		BOLD:AAI3458	20	Arthropoda	82	Insecta	113	Lepidoptera	546510	Depressariidae	599089	Cryptolechiinae	183441	Orophia	324114	Orophia denisella			Peter Huemer		Denis & Schiffermüller, 1775					Huemer P.							A		S						42.4833	13			1730				Italy	Lazio	Rieti		Monte Terminillo N										3757739	COI-5P	HQ968743	AACATTATATTTTATTTTTGGTATTTGAGCTGGTATGCTTGGCACCTCTTTAAGTTTATTAATTCGAGCAGAATTAGGTAATCCTGGATCTTTAATTGGAGATGATCAAATTTATAATACTATTGTTACAGCTCACGCTTTTATTATAATTTTTTTTATAGTTATACCTATTATAATTGGAGGATTTGGAAATTGATTAATCCCACTAATATTAGGAGCTCCAGATATAGCATTCCCTCGAATAAATAATATAAGTTTTTGATTACTCCCCCCCTCTATTACTCTTTTAATTTCAAGAAGAATTGTTGAAAATGGAACAGGAACTGGATGAACAATCTATCCCCCCTTATCCTCTAATATTGCCCATAGAGGAAGATCAGTAGATTTAACTATTTTTTCCCTTCATTTAGCAGGAATCTCATCAATCCTAGGAGCAATTAATTTTATCACTACAATTATTAATATACGAGTTAATATAATAACATTTGACCAAATACCCTTATTCATCTGAGCTGTTAGAATCACAGCTCTTCTTCTCCTCCTATCATTACCAGTTTTAGCTGGAGCTATTACTATACTTTTAACAGATCGAAACTTAAATACCTCATTTTTTGACCCTGCTGGAGGAGGAGATCCAATTTTATACCAACATTTATTT	2556847|2556942	PHLAB731-10[LepF1,LepR1]_F.ab1|PHLAB731-10[LepF1,LepR1]_R.ab1	http://trace.boldsystems.org/traceIO/bold.org/2243012|http://trace.boldsystems.org/traceIO/bold.org/2243107	2010-11-30 00:57:44|2010-11-30 02:24:13	Biodiversity Institute of Ontario|Biodiversity Institute of Ontario	F|R	LepF1|LepR1	COI-5P|COI-5P
PHLAB931-10	TLMF Lep 01731	1694860	1426204		Tiroler Landesmuseen		BOLD:AAI2316	20	Arthropoda	82	Insecta	113	Lepidoptera	546510	Depressariidae	599089	Cryptolechiinae	183441	Orophia	266468	Orophia mendosella			Peter Huemer		Zeller, 1868					Huemer P.							A		S						46.4385	13.6353			1800				Slovenia				Veliki Mangart										3761142	COI-5P	HQ968935	AACATTATATTTTATTTTTGGTATTTGAGCTGGAATACTTGGTTCTTCATTAAGATTATTAATTCGAGCAGAACTAGGAAACCCCGGCTTTTTAATTGGAGATGATCAAATCTATAATTCCATTGTAACAGCCCATGCTTTTATTATAATTTTTTTTATAGTTATACCTATCATAATTGGAGGATTTGGAAATTGATTAATTCCTTTAATATTAGGAGCCCCAGATATAGCATTCCCTCGAATAAATAATATAAGTTTTTGATTACTTCCCCCATCTATTACCCTTTTAATTTCAAGAAGAATTGTAGAAAGCGGAGCAGGAACTGGATGAACAGTTTACCCCCCCCTCTCATCCAATATTGCTCATAGTGGTAGATCTGTAGATTTAGCTATTTTTTCTTTACATTTAGCAGGAATTTCCTCAATCTTAGGTGCAATTAATTTTATCACAACAATTATTAATATACGAATTAACATAATAACATTTGATCAAATACCTTTATTTATTTGAGCTATTGGTATTACAACTCTCCTTCTTCTTCTCTCTCTACCAGTATTAGCTGGGGCTATTACCATACTTTTAACAGATCGTAATTTAAATACTTCTTTTTTTGATCCTGCTGGAGGAGGAGATCCAATTTTATACCAACATTTATTT	2563555|2563650	PHLAB931-10[LepF1,LepR1]_F.ab1|PHLAB931-10[LepF1,LepR1]_R.ab1	http://trace.boldsystems.org/traceIO/bold.org/2249501|http://trace.boldsystems.org/traceIO/bold.org/2249596	2010-12-02 00:00:59|2010-12-01 13:32:08	Biodiversity Institute of Ontario|Biodiversity Institute of Ontario	F|R	LepF1|LepR1	COI-5P|COI-5P
PHLAB932-10	TLMF Lep 01732	1694861	1426205		Tiroler Landesmuseen		BOLD:AAI2316	20	Arthropoda	82	Insecta	113	Lepidoptera	546510	Depressariidae	599089	Cryptolechiinae	183441	Orophia	266468	Orophia mendosella			Peter Huemer		Zeller, 1868					Huemer P.							A		S						46.4385	13.6353			1800				Slovenia				Veliki Mangart										3761143	COI-5P	HQ968936	AACATTATATTTTATTTTTGGTATTTGAGCTGGAATACTTGGTTCTTCATTAAGATTATTAATTCGAGCAGAACTAGGAAACCCCGGCTTTTTAATTGGAGATGATCAAATCTATAATTCCATTGTAACAGCCCATGCTTTTATTATAATTTTTTTTATAGTTATACCTATCATAATTGGAGGATTTGGAAATTGATTAATTCCTTTAATATTAGGAGCCCCAGATATAGCATTCCCTCGAATAAATAATATAAGTTTTTGATTACTTCCCCCATCTATTACCCTTTTAATTTCAAGAAGAATTGTAGAAAGCGGAGCAGGAACTGGATGAACAGTTTACCCCCCCCTCTCATCCAATATTGCTCATAGTGGTAGATCTGTAGATTTAGCTATTTTTTCTTTACATTTAGCAGGAATTTCCTCAATCTTAGGTGCAATTAATTTTATCACAACAATTATTAATATACGAATTAACATAATAACATTTGATCAAATACCTTTATTTATTTGAGCTATTGGTATTACAACTCTCCTTCTTCTTCTCTCTCTACCAGTATTAGCTGGGGCTATTACCATACTTTTAACAGATCGTAATTTAAATACTTCTTTTTTTGATCCTGCTGGAGGAGGAGATCCAATTTTATACCAACATTTATTT	2563556|2563651	PHLAB932-10[LepF1,LepR1]_F.ab1|PHLAB932-10[LepF1,LepR1]_R.ab1	http://trace.boldsystems.org/traceIO/bold.org/2249502|http://trace.boldsystems.org/traceIO/bold.org/2249597	2010-12-02 00:00:59|2010-12-01 13:32:08	Biodiversity Institute of Ontario|Biodiversity Institute of Ontario	F|R	LepF1|LepR1	COI-5P|COI-5P
PHLAE272-11	TLMF Lep 04492	1954062	1466952		Tiroler Landesmuseen		BOLD:AAI2316	20	Arthropoda	82	Insecta	113	Lepidoptera	546510	Depressariidae	599089	Cryptolechiinae	183441	Orophia	266468	Orophia mendosella			Peter Huemer		Zeller, 1868					Huemer P.							A		S						46.375	13.0856			320				Italy	Friuli-Venezia Giulia	Udine, Tagliamentotal		Amaro/ Rio Maggiore	1368875	http://www.boldsystems.org/pics/PHLAE/TLMF_LEP_04492+1313997276.jpg	temp	adult	Peter Huemer	2011	CreativeCommons - Attribution Non-Commercial Share-Alike	Tiroler Landesmuseum Ferdinandeum	Peter Huemer	3994043	COI-5P	JN307416	AACATTATATTTTATTTTTGGTATTTGAGCTGGAATACTTGGTTCTTCATTAAGATTATTAATTCGAGCAGAACTAGGAAACCCCGGCTTTTTAATTGGAGATGATCAAATCTATAATTCCATTGTAACAGCCCATGCTTTTATTATAATTTTTTTTATAGTTATACCTATCATAATTGGAGGATTTGGAAATTGATTAATTCCTTTAATATTAGGAGCCCCAGATATAGCATTCCCTCGAATAAATAATATAAGTTTTTGATTACTTCCCCCATCTATTACCCTTTTAATTTCAAGAAGAATTGTAGAAAGCGGAGCAGGAACTGGATGAACAGTTTACCCCCCCCTCTCCTCCAATATTGCTCATAGTGGTAGATCTGTAGATTTAGCTATTTTTTCTTTACATTTAGCAGGAATTTCCTCAATCTTAGGTGCAATTAATTTTATCACAACAATTATTAATATACGAATTAACATAATAACATTTGATCAAATACCTTTATTTATTTGAGCTATTGGTATTACAACTCTCCTTCTTCTTCTCTCTCTACCAGTGTTAGCTGGGGCTATTACCATACTTTTAACAGATCGTAATTTAAATACTTCTTTTTTTGACCCTGCTGGAGGAGGAGATCCAATTTTATACCAACATTTATTT	3076942|3077037	PHLAE272-11[LepF1,LepR1]_R.ab1|PHLAE272-11[LepF1,LepR1]_F.ab1	http://trace.boldsystems.org/traceIO/bold.org/2742561|http://trace.boldsystems.org/traceIO/bold.org/2742656	2011-06-10 10:09:13|2011-06-10 11:09:47	Biodiversity Institute of Ontario|Biodiversity Institute of Ontario	R|F	LepR1|LepF1	COI-5P|COI-5P
PHLAF110-11	TLMF Lep 05280	2228651	1506566		Tiroler Landesmuseen		BOLD:ABA3637	20	Arthropoda	82	Insecta	113	Lepidoptera	546510	Depressariidae	599089	Cryptolechiinae	183441	Orophia	404703	Orophia zernyi			Peter Huemer		Szent-Ivany, 1942					Huemer P. & Tarmann G. M.							A		S						41.778	20.582			2080				Macedonia				Mavrovo NP, Korab, Korabska jezero, Kobilino pole	1455197	http://www.boldsystems.org/pics/PHLAF/TLMF_LEP_05280+1316687976.JPG	temp	adult	Peter Huemer	2011	CreativeCommons - Attribution Non-Commercial Share-Alike	Tiroler Landesmuseum Ferdinandeum		4196589	COI-5P		CACATTATATTTTATTTTTGGTATTTGAGCTGGAATACTTGGTACTTCTTTAAGTTTACTAATTCGAGCAGAATTAGGTAACCCTGGATCTTTAATTGGTGACGATCAAATTTATAATACTATTGTAACAGCCCATGCTTTTATTATAATTTTTTTTATAGTTATACCTATTATAATTGGAGGATTTGGAAATTGATTAGTACCATTAATATTAGGAGCTCCTGATATAGCATTCCCCCGAATAAATAATATAAGTTTCTGATTACTCCCCCCCTCTCTTACCCTTTTAATCTCAAGTAGAATTGTTGAAAATGGAGCAGGAACTGGATGAACAGTTTACCCCCCCCTGTCTTCTAATATTGCCCATAATGGTAGATCTGTAGATTTAACCATTTTTTCATTACATTTAGCTGGTATCTCTTCAATTTTAGGAGCAATTAATTTTATTACCACAATTATTAACATACGAATTAACTTAATAACATTTGATCAAATACCCCTATTTATTTGAGCTGTTAGTATTACAGCTATTCTTCTTCTCTTATCTTTACCAGTTTTAGCTGGAGCTATTACAATACTTTTAACAGATCGAAATTTAAACACCTCTTTTTTTGATCCTGCCGGAGGAGGTGATCCAATTTTATACCAACATTTATTT	3573845|3573940	PHLAF110-11[LepF1,LepR1]_F.ab1|PHLAF110-11[LepF1,LepR1]_R.ab1	http://trace.boldsystems.org/traceIO/bold.org/5461030|http://trace.boldsystems.org/traceIO/bold.org/5461125	2011-11-17 08:14:27|2011-11-17 09:40:09	Biodiversity Institute of Ontario|Biodiversity Institute of Ontario	F|R	LepF1|LepR1	COI-5P|COI-5P
PHLAF111-11	TLMF Lep 05281	2228652	1506569		Tiroler Landesmuseen		BOLD:ABA3637	20	Arthropoda	82	Insecta	113	Lepidoptera	546510	Depressariidae	599089	Cryptolechiinae	183441	Orophia	404703	Orophia zernyi			Peter Huemer		Szent-Ivany, 1942					Huemer P. & Tarmann G. M.							A		S						41.778	20.582			2080				Macedonia				Mavrovo NP, Korab, Korabska jezero, Kobilino pole	1455200	http://www.boldsystems.org/pics/PHLAF/TLMF_LEP_05281+1316690902.JPG	temp	adult	Peter Huemer	2011	CreativeCommons - Attribution Non-Commercial Share-Alike	Tiroler Landesmuseum Ferdinandeum		4196590	COI-5P		CACATTATATTTTATTTTTGGTATTTGAGCTGGAATACTTGGTACTTCTTTAAGTTTACTAATTCGAGCAGAATTAGGTAACCCTGGATCTTTAATTGGTGACGATCAAATTTATAATACTATTGTAACAGCCCATGCTTTTATTATAATTTTTTTTATAGTTATACCTATTATAATTGGAGGATTTGGAAATTGATTAGTACCATTAATATTAGGAGCTCCTGATATAGCATTCCCCCGAATAAATAATATAAGTTTCTGATTACTCCCCCCCTCTCTTACCCTTTTAATCTCAAGTAGAATTGTTGAAAATGGAGCAGGAACTGGATGAACAGTTTACCCCCCCCTGTCTTCTAATATTGCCCATAATGGTAGATCTGTAGATTTAACCATTTTTTCATTACATTTAGCTGGTATCTCTTCAATTTTAGGAGCAATTAATTTTATTACCACAATTATTAACATACGAATTAACTTAATAACATTTGATCAAATACCCCTATTTATTTGAGCTGTTAGTATTACAGCTATTCTTCTTCTCTTATCTTTACCAGTTTTAGCTGGAGCTATTACAATACTTTTAACAGATCGAAATTTAAACACCTCTTTTTTTGACCCTGCCGGAGGAGGTGATCCAATTTTATACCAACATTTATTT	3573846|3573941	PHLAF111-11[LepF1,LepR1]_F.ab1|PHLAF111-11[LepF1,LepR1]_R.ab1	http://trace.boldsystems.org/traceIO/bold.org/5461031|http://trace.boldsystems.org/traceIO/bold.org/5461126	2011-11-17 08:14:27|2011-11-17 09:40:09	Biodiversity Institute of Ontario|Biodiversity Institute of Ontario	F|R	LepF1|LepR1	COI-5P|COI-5P
PHLAG154-12	TLMF Lep 06464	2435639	1554643		Tiroler Landesmuseen		BOLD:AAI3458	20	Arthropoda	82	Insecta	113	Lepidoptera	546510	Depressariidae	599089	Cryptolechiinae	183441	Orophia	324114	Orophia denisella			Peter Huemer		Denis & Schiffermüller, 1775					Peter Huemer							A		S						42.483	13.01			1730				Italy		Rieti		Monte Terminillo N	1529913	http://www.boldsystems.org/pics/PHLAG/TLMF_LEP_06464+1323936196.JPG	temp	adult	Peter Huemer	2012	CreativeCommons - Attribution Non-Commercial Share-Alike	Tiroler Landesmuseum Ferdinandeum		4408621	COI-5P		AACATTATATTTTATTTTTGGTATTTGAGCTGGTATGCTTGGCACCTCTTTAAGTTTATTAATTCGAGCAGAATTAGGTAATCCTGGATCTTTAATTGGAGATGATCAAATTTATAATACTATTGTTACAGCTCACGCTTTTATTATAATTTTTTTTATAGTTATACCTATTATAATTGGAGGATTTGGAAATTGATTAATCCCACTAATATTAGGAGCTCCAGATATAGCATTCCCTCGAATAAATAATATAAGTTTTTGATTACTCCCCCCCTCTATTACTCTTTTAATTTCAAGAAGAATTGTTGAAAATGGAACAGGAACTGGATGAACAATCTATCCCCCCTTATCCTCTAATATTGCCCATAGAGGAAGATCAGTAGATTTAACTATTTTTTCCCTTCATTTAGCAGGAATCTCATCAATCCTAGGAGCAATTAATTTTATCACTACAATTATTAATATACGAGTTAATATAATAACATTTGACCAAATACCCTTATTCGTCTGAGCTGTTAGAATCACAGCTCTTCTTCTCCTCCTATCATTACCAGTTTTAGCTGGAGCTATTACTATACTTTTAACAGATCGAAACTTAAATACCTCATTTTTTGACCCTGCTGGAGGAGGAGATCCAATTTTATACCAACATTTATTT	3898178|3898273	PHLAG154-12[LepF1,LepR1]_F.ab1|PHLAG154-12[LepF1,LepR1]_R.ab1	http://trace.boldsystems.org/traceIO/bold.org/5831573|http://trace.boldsystems.org/traceIO/bold.org/5831567	2012-03-16 20:27:15|2012-03-16 21:53:44	Biodiversity Institute of Ontario|Biodiversity Institute of Ontario	F|R	LepF1|LepR1	COI-5P|COI-5P
PHLAG269-12	TLMF Lep 06579	2435754	1554556		Research Collection of Peter Buchner		BOLD:AAN1365	20	Arthropoda	82	Insecta	113	Lepidoptera	546510	Depressariidae	599089	Cryptolechiinae	183441	Orophia	324114	Orophia denisella			Peter Buchner		Denis & Schiffermüller, 1775					Peter Buchner							A		S						47.785	16.031							Austria	Lower Austria			Raglitz	1529837	http://www.boldsystems.org/pics/PHLAG/BC_TLMF_Lep_06579_Orophia-denisella+1327833132.JPG	temp	adult	Peter Huemer	2012	CreativeCommons - Attribution Non-Commercial Share-Alike	Tiroler Landesmuseum Ferdinandeum	Peter Buchner	4463824	COI-5P		AACATTATATTTTATTTTTGGTATTTGAGCTGGTATACTTGGCACTTCTTTAAGTTTATTAATTCGAGCAGAATTAGGTAATCCTGGATCTCTAATTGGAGATGATCAAATTTATAATACTATTGTTACAGCTCACGCTTTTATTATAATTTTTTTCATAGTTATACCTATTATAATTGGAGGATTTGGAAATTGATTAGTTCCACTAATATTAGGAGCCCCAGACATAGCATTCCCCCGAATAAATAATATAAGCTTTTGATTACTCCCCCCCTCTATTATTCTTTTAATCTCAAGAAGAATTGTTGAAAATGGAGCAGGAACTGGATGAACAATTTACCCCCCCTTATCTTCTAATATTGCCCATAGAGGTAGATCAGTAGATTTAACTATTTTTTCCCTTCATTTAGCAGGAATCTCATCAATCTTAGGAGCAATTAATTTTATCACTACAATTATTAATATACGAATTAATATAATAACATTTGATCAAATACCTTTATTCATTTGAGCTGTTAGAATCACAGCTCTTCTTCTTCTCTTATCATTACCAGTTTTAGCTGGAGCTATTACTATACTTTTAACAGATCGAAATTTAAATACCTCATTTTTTGATCCTGCTGGAGGAGGAGATCCAATCTTATACCAACATTTATTT	4021446|4021458|4021472|4021486	PHLAG269-12[MLepF1,LepR1]_F.ab1|PHLAG269-12[MLepF1,LepR1]_R.ab1|PHLAG269-12[LepF1,MLepR2]_F.ab1|PHLAG269-12[LepF1,MLepR2]_R.ab1	http://trace.boldsystems.org/traceIO/bold.org/5783191|http://trace.boldsystems.org/traceIO/bold.org/5783203|http://trace.boldsystems.org/traceIO/bold.org/5783217|http://trace.boldsystems.org/traceIO/bold.org/5783231	2012-04-20 15:44:30|2012-04-20 17:11:02|2012-04-26 15:05:45|2012-04-26 16:49:03	Biodiversity Institute of Ontario|Biodiversity Institute of Ontario|Biodiversity Institute of Ontario|Biodiversity Institute of Ontario	F|R|F|R	MLepF1|LepR1|LepF1|MLepR2	COI-5P|COI-5P|COI-5P|COI-5P
PHLAG270-12	TLMF Lep 06580	2435755	1554557		Research Collection of Peter Buchner		BOLD:AAE4973	20	Arthropoda	82	Insecta	113	Lepidoptera	546510	Depressariidae	599089	Cryptolechiinae	183441	Orophia	183442	Orophia ferrugella			Peter Buchner		Denis & Schiffermüller, 1775					Peter Buchner							A		S						47.822	16.043							Austria	Lower Austria			Willendorf Rothengrub	1529838	http://www.boldsystems.org/pics/PHLAG/BC_TLMF_Lep_06580_Orophia-ferrugella+1327833134.JPG	temp	adult	Peter Huemer	2012	CreativeCommons - Attribution Non-Commercial Share-Alike	Tiroler Landesmuseum Ferdinandeum	Peter Buchner	4463825	COI-5P		TACTTTATATTTTATTTTCGGAATTTGAGCAGGAATATTAGGTACTTCTTTAAGTTTACTAATTCGAGCAGAATTAGGAAATCCAGGTTCATTAATTGGAGATGACCAAATTTACAATACTATTGTAACAGCACATGCTTTTATTATAATTTTTTTTATAGTAATACCTATTATAATTGGAGGATTTGGAAATTGACTAGTACCATTAATATTAGGTGCCCCAGATATAGCTTTCCCACGAATAAATAATATAAGTTTCTGATTACTTCCCCCCTCTATTACACTTTTAATTTCAAGAAGAATTGTAGAAAGTGGAGCTGGAACTGGATGAACGGTTTATCCCCCCCTTTCATCTAATATCGCACATAGAGGTAGATCTGTAGATTTAGCTATTTTTTCACTACATTTAGCTGGAATTTCTTCAATTTTAGGAGCAATTAACTTTATTACTACAGTTATTAACATACGAGTTAACAATATATCATTTGACCAAATACCATTATTCGTATGAGCTGTTAGTATTACAGCTCTCCTCCTCCTCCTTTCTTTACCAGTATTAGCTGGAGCTATTACTATACTCTTAACAGATCGAAATTTAAATACTTCTTTTTTTGATCCAGCAGGAGGAGGAGATCCTATTTTATATCAACATTTATTT	4021447|4021459|4021473|4021487	PHLAG270-12[MLepF1,LepR1]_F.ab1|PHLAG270-12[MLepF1,LepR1]_R.ab1|PHLAG270-12[LepF1,MLepR2]_F.ab1|PHLAG270-12[LepF1,MLepR2]_R.ab1	http://trace.boldsystems.org/traceIO/bold.org/5783192|http://trace.boldsystems.org/traceIO/bold.org/5783204|http://trace.boldsystems.org/traceIO/bold.org/5783218|http://trace.boldsystems.org/traceIO/bold.org/5783232	2012-04-20 15:44:30|2012-04-20 17:11:02|2012-04-26 15:05:45|2012-04-26 16:49:03	Biodiversity Institute of Ontario|Biodiversity Institute of Ontario|Biodiversity Institute of Ontario|Biodiversity Institute of Ontario	F|R|F|R	MLepF1|LepR1|LepF1|MLepR2	COI-5P|COI-5P|COI-5P|COI-5P
PHLAH524-12	TLMF Lep 08343	2772214	1625573		Tiroler Landesmuseen		BOLD:ACA9536	20	Arthropoda	82	Insecta	113	Lepidoptera	546510	Depressariidae	599089	Cryptolechiinae	183441	Orophia	275502	Orophia sordidella			Peter Huemer		Hübner, 1801					Huemer P.							A		S						43.149	-4.776			1340				Spain	Cantabria			PN Picos de Europa, Portillas de Poqueion	1785437	http://www.boldsystems.org/pics/PHLAH/08343+1346686330.JPG	temp	adult	Peter Huemer	2012	CreativeCommons - Attribution Non-Commercial Share-Alike	Tiroler Landesmuseum Ferdinandeum		4740144	COI-5P		TACATTATATTTTATTTTTGGTATTTGAGCTGGAATACTTGGCACTTCTTTAAGTTTACTAATCCGAGCAGAATTAGGTAACCCTGGATCTTTAATTGGAGATGATCAAATTTATAATACAATTGTAACAGCCCATGCTTTTATTATAATTTTTTTTATAGTTATACCTATTATAATTGGAGGATTTGGAAATTGATTAGTACCATTAATATTAGGAGCTCCAGATATAGCATTCCCCCGAATAAATAATATAAGTTTCTGACTACTCCCCCCCTCTATTACCCTTTTAATCTCAAGTAGAATTGTAGAAAATGGAGCAGGAACTGGATGAACAGTTTACCCCCCCCTATCATCTAATATTGCCCATAATGGTAGATCTGTAGATTTAACCATTTTTTCATTACATTTAGCTGGTATCTCTTCAATTTTAGGAGCAATTAATTTTATTACCACAATTATTAACATGCGAATTAACTTAATAACATTTGATCAAATACCCCTATTTATTTGAGCTGTTAGTATTACAGCTATTCTTCTTCTCTTATCTTTACCAGTTTTAGCTGGAGCTATTACCATACTTTTAACAGACCGAAATTTAAATACCTCTTTTTTTGACCCTGCCGGAGGAGGTGATCCAATTTTATACCAACACTTATTT	4591802|4591897	PHLAH524-12[LepF1,LepR1]_F.ab1|PHLAH524-12[LepF1,LepR1]_R.ab1	http://trace.boldsystems.org/traceIO/bold.org/6439049|http://trace.boldsystems.org/traceIO/bold.org/6439144	2012-10-29 10:48:03|2012-10-29 18:13:43	Biodiversity Institute of Ontario|Biodiversity Institute of Ontario	F|R	LepF1|LepR1	COI-5P|COI-5P
PHLAJ474-14	TLMF Lep 16529	5330504	1787330		Tiroler Landesmuseen		BOLD:AAI2316	20	Arthropoda	82	Insecta	113	Lepidoptera	546510	Depressariidae	599089	Cryptolechiinae	183441	Orophia	266468	Orophia mendosella			Peter Huemer		Zeller, 1868					Huemer P.									S						46.65	11.983			1400				Italy	South Tyrol	Suedtirol		Rautal	2517090	http://www.boldsystems.org/pics/PHLAJ/TLMF_Lep_16529+1418656146.JPG	temp	adult	Peter Huemer	2015	CreativeCommons - Attribution Non-Commercial Share-Alike	Tiroler Landesmuseum Ferdinandeum		7248497	COI-5P		AACATTATATTTTATTTTTGGTATTTGAGCTGGAATACTTGGTTCTTCATTAAGATTATTAATTCGAGCAGAACTAGGAAACCCCGGCTTTTTAATTGGAGATGATCAAATCTATAATTCCATTGTAACAGCCCATGCTTTTATTATAATTTTTTTTATAGTTATACCTATTATAATTGGAGGATTTGGAAATTGATTAATTCCTTTAATATTAGGAGCCCCAGATATAGCATTCCCTCGAATAAATAATATAAGTTTTTGATTACTTCCCCCATCTATTACCCTTTTAATTTCAAGAAGAATTGTAGAAAGCGGAGCAGGAACTGGATGAACAGTTTACCCCCCTCTCTCATCCAATATTGCTCATAGTGGTAGATCTGTAGATTTAGCTATTTTTTCTTTACATTTAGCGGGAATTTCCTCAATCTTAAGTGCAATTAATTTTATCACAACAATTATTAATATACGAATTAACATAATAACATTTGATCAAATACCTTTATTTATTTGAGCTATTGGTATTACAACTCTCCTTCTTCTTCTCTCTCTACCAGTATTAGCTGGTGCTATTACCATACTTTTAACAGATCGTAATTTAAACACTTCTTTTTTTGATCCTGCTGGAGGAGGAGATCCAATTTTATACCAACATTTATTT	7547591|7547686	PHLAJ474-14[LepF1,LepR1]_R.ab1|PHLAJ474-14[LepF1,LepR1]_F.ab1	http://trace.boldsystems.org/traceIO/bold.org/9371366|http://trace.boldsystems.org/traceIO/bold.org/9371461	2015-02-25 15:36:28|2015-02-24 09:09:57	Biodiversity Institute of Ontario|Biodiversity Institute of Ontario	R|F	LepR1|LepF1	COI-5P|COI-5P
PHLAJ475-14	TLMF Lep 16530	5330505	1787332		Tiroler Landesmuseen		BOLD:AAI2316	20	Arthropoda	82	Insecta	113	Lepidoptera	546510	Depressariidae	599089	Cryptolechiinae	183441	Orophia	266468	Orophia mendosella			Peter Huemer		Zeller, 1868					Huemer P.									S						46.65	11.983			1400				Italy	South Tyrol	Suedtirol		Rautal	2517091	http://www.boldsystems.org/pics/PHLAJ/TLMF_Lep_16530+1418656130.JPG	temp	adult	Peter Huemer	2015	CreativeCommons - Attribution Non-Commercial Share-Alike	Tiroler Landesmuseum Ferdinandeum		7248518	COI-5P		AACATTATATTTTATTTTTGGTATTTGAGCTGGAATACTTGGTTCTTCATTAAGATTATTAATTCGAGCAGAACTAGGAAACCCCGGCTTTTTAATTGGAGATGATCAAATCTATAATTCCATTGTAACAGCCCATGCTTTTATTATAATTTTTTTTATAGTTATACCTATTATAATTGGAGGATTTGGAAATTGATTAATTCCTTTAATATTAGGAGCCCCAGATATAGCATTCCCTCGAATAAATAATATAAGTTTTTGATTACTTCCCCCATCTATTACCCTTTTAATTTCAAGAAGAATTGTAGAAAGCGGAGCAGGAACTGGATGAACAGTTTACCCCCCCCTCTCATCCAATATTGCTCATAGTGGTAGATCTGTAGATTTAGCTATTTTTTCTTTACATTTAGCGGGAATTTCCTCAATCTTAAGTGCAATTAATTTTATCACAACAATTATTAATATACGAATTAACATAATAACATTTGATCAAATACCTTTATTTATTTGAGCTATTGGTATTACAACTCTCCTTCTTCTTCTCTCTCTACCAGTATTAGCTGGTGCTATTACCATACTTTTAACAGATCGTAATTTAAACACTTCTTTTTTTGATCCTGCTGGAGGAGGAGATCCAATTTTATACCAACATTTATTT	7547592|7547687	PHLAJ475-14[LepF1,LepR1]_R.ab1|PHLAJ475-14[LepF1,LepR1]_F.ab1	http://trace.boldsystems.org/traceIO/bold.org/9371367|http://trace.boldsystems.org/traceIO/bold.org/9371462	2015-02-25 15:36:28|2015-02-24 09:09:57	Biodiversity Institute of Ontario|Biodiversity Institute of Ontario	R|F	LepR1|LepF1	COI-5P|COI-5P
