processid	sampleid	recordID	catalognum	fieldnum	institution_storing	collection_code	bin_uri	phylum_taxID	phylum_name	class_taxID	class_name	order_taxID	order_name	family_taxID	family_name	subfamily_taxID	subfamily_name	genus_taxID	genus_name	species_taxID	species_name	subspecies_taxID	subspecies_name	identification_provided_by	identification_method	identification_reference	tax_note	voucher_status	tissue_type	collection_event_id	collectors	collectiondate_start	collectiondate_end	collectiontime	collection_note	site_code	sampling_protocol	lifestage	sex	reproduction	habitat	associated_specimens	associated_taxa	extrainfo	notes	lat	lon	coord_source	coord_accuracy	elev	depth	elev_accuracy	depth_accuracy	country	province_state	region	sector	exactsite	image_ids	image_urls	media_descriptors	captions	copyright_holders	copyright_years	copyright_licenses	copyright_institutions	photographers	sequenceID	markercode	genbank_accession	nucleotides	trace_ids	trace_names	trace_links	run_dates	sequencing_centers	directions	seq_primers	marker_codes
BBLZI165-14	BIOUG16675-A01	5110254	BIOUG16675-A01	BLITZ14-3049	Centre for Biodiversity Genomics			20	Arthropoda	63	Arachnida	24643	Opiliones	151797	Phalangiidae	361450	Phalangiinae	361453	Rilaena	361454	Rilaena triangularis			Angela Telfer	BOLD ID Engine Manual (March 2016)			Vouchered:Registered Collection			Invert team				Hand Collecting		Free hand									43.844	-79.616							Canada	Ontario	Kleinburg	McMichael Canadian Art Collection											6931868	COI-5P		---------------------------------------------------------------------------------------------------------------------------------------------------------------------------------------------------------------------------------------------------------------------------------------------------------------------------------------------------------------------------------------------------------------------------------------------------CATTAACTTTATTACAACCATCATTAANATACGAACACAAGGAATAATTTTAGAACGAATACCCCTCTTTGTATGATCAGTAAAAATTACAGCAATTCTATTACTACTTTCTCTACC--------------------------------------------------------------------------------------								
CBHSP263-15	BIOUG25733-H02	6468754	BIOUG25733-H02	L#13BIOBUS-0475	Centre for Biodiversity Genomics			20	Arthropoda	63	Arachnida	24643	Opiliones	151797	Phalangiidae	361450	Phalangiinae	361453	Rilaena	361454	Rilaena triangularis			Angela Telfer	BOLD ID Engine Manual			Vouchered:Registered Collection	Tissue		BIObus 2013				hand collecting|mix of sun and cloud|river canyon, primarily deciduous, maple, beech, birch		Free Hand				River			Cape Breton Highlands NP		46.643	-60.948	GPSmap 60Cx		25				Canada	Nova Scotia	Cape Breton Highlands National Park	Salmon Pools Trail											8012869	COI-5P		-----------------------------------------------------------------------------------------------------------------------------------------------------------------------------------------------------------------------------------------------------------------------------------------------------------------------------------------------------CCCCCCTATCTAGAAATATTGCACATACGGGAGCATCTGTAGATTTAACAATTTTCTCCTTACACTTAGCGGGTGTTTCTTCTATCCTTGGAGCCATTAACTTTATTACAACNATCATTAATATACGAACACAAGGAATAATTTTAGAACGAATACCCCTCTTTGTATGATCAGTAAAAATTACAGCAATCCTATTACTACTTTCTCTACCAGTNTTGGCAGGGGCCATTACTATACTACTAACAGATCGAAATTTTAATACCTCTTTCTTCGACCCAGC-------------------------------------	8573805	CBHSP263-15[C_LepFolF,C_LepFolR]_R.ab1	http://trace.boldsystems.org/traceIO/bold.org/10392515	2015-10-27 23:36:20	Biodiversity Institute of Ontario	R	C_LepFolR	COI-5P
CBHSP264-15	BIOUG25733-H03	6468755	BIOUG25733-H03	L#13BIOBUS-0475	Centre for Biodiversity Genomics			20	Arthropoda	63	Arachnida	24643	Opiliones	151797	Phalangiidae	361450	Phalangiinae	361453	Rilaena	361454	Rilaena triangularis			Angela Telfer	BOLD ID Engine Manual			Vouchered:Registered Collection	Tissue		BIObus 2013				hand collecting|mix of sun and cloud|river canyon, primarily deciduous, maple, beech, birch		Free Hand				River			Cape Breton Highlands NP		46.643	-60.948	GPSmap 60Cx		25				Canada	Nova Scotia	Cape Breton Highlands National Park	Salmon Pools Trail											8012829	COI-5P		----------------------------------------------------------------------------------------------------------------------------------------------------------------------------------------------------------------------------------------------------------------------------------------------------------------------------------------------GTTTATCCCCCCCTATCTAGAAATATTGCACATACGGGAGCATCTGTAGATTTAACAATTTTCTCCTTACACTTAGCGGGTGTTTCTTCTATCCTTGGAGCCATTAACTTTATTACAACTATCATTAATATACGAACACAAGGAATAATTTTAGAACGAATACCCCTCTTTGTATGATCAGTAAAAATTACAGCAATCCTATTACTACTTTCTCTACCAGTTTTGGCAGGGGCCATTACTATACTACTAACAGATCGAAA----------------------------------------------------------------	8573806	CBHSP264-15[C_LepFolF,C_LepFolR]_R.ab1	http://trace.boldsystems.org/traceIO/bold.org/10392516	2015-10-27 23:36:20	Biodiversity Institute of Ontario	R	C_LepFolR	COI-5P
CNBRB393-14	BIOUG09894-A05	4113736	BIOUG09894-A05	GMP#01306	Centre for Biodiversity Genomics		BOLD:ABW0506	20	Arthropoda	63	Arachnida	24643	Opiliones	151797	Phalangiidae	361450	Phalangiinae	361453	Rilaena	361454	Rilaena triangularis			Monica R. Young	BIN Taxonomy Match			Vouchered:Registered Collection	Tissue		CBH staff				2 Malaise traps	BIOUG:CAPEBRE-NP	Malaise Trap	A			Forest			Cape Breton Highlands NP		46.6553	-60.4285	GPS, WGS84		21				Canada	Nova Scotia	Cape Breton Highlands National Park		Clyburn Valley Road, near golf course										6116561	COI-5P	KR102554	AATTTTTGGTATATGAGCTGCAATAGTTGGAACTGCCCTAAGAATGNTAATTCGCACAGAACTAGGGCAACCCGGCTCCTTAATAAATGATGACCAAATTTATAATGTCATTGTAACAGCCCATGCTTTTGTAATAATTTTTTTCATAGTCATACCTATTATAATTGGAGGATTCGGTAACTGGCTAGTACCTTTAATATTAGGGGCCCCCGATATAGCTTTCCCACGCTTAAACAATATAAGATTTTGACTTTTACCCCCTTCATTTCTTTTATTATTATCCTCTGCTTTAGTAGAAAATGGGGCAGGGACAGGCTGGACCGTTTACCCTCCCCTATCTAGAAATATTGCACATACGGGGGCATCTGTAGATTTAACAATTTTCTCCTTGCACTTAGCGGGTGTTTCTTCTATTCTTGGAGCCATTAACTTTATTACAACCATCATTAATATACGAACACAAGGAATAATTTTAGAACGAATACCCCTCTTTGTATGGTCAGTAAAAATTACAGCAATCCTATTACTACTTTCTCTACCAGTCCTGGCAGGTGCCATCACTATACTACTAACAGAT	6102740	CNBRB393-14[C_LepFolF,C_LepFolR]_R.ab1	http://trace.boldsystems.org/traceIO/bold.org/7949367	2014-03-18 11:18:11	Biodiversity Institute of Ontario	R	C_LepFolR	COI-5P
CNBRC006-14	BIOUG09894-A11	4136778	BIOUG09894-A11	GMP#01310	Centre for Biodiversity Genomics		BOLD:ABW0506	20	Arthropoda	63	Arachnida	24643	Opiliones	151797	Phalangiidae	361450	Phalangiinae	361453	Rilaena	361454	Rilaena triangularis			Monica R. Young	BIN Taxonomy Match			Vouchered:Registered Collection	Tissue		CBH staff				2 Malaise traps	BIOUG:CAPEBRE-NP	Malaise Trap	A			Forest			Cape Breton Highlands NP		46.6553	-60.4285	GPS, WGS84		21				Canada	Nova Scotia	Cape Breton Highlands National Park		Clyburn Valley Road, near golf course										6112427	COI-5P	KR104950	GTACAATATATATAATTTTTGGTATATGAGCTGCAATAGTTGGAACTGCCCTAAGAATGCTAATTCGCACAGAACTAGGGCAACCCGGCTCCTTAATAAATGATGACCAAATTTATAATGTCATTGTAACAGCCCATGCTTTTGTAATAATTTTTTTCATAGTCATACCTATTATAATTGGAGGATTCGGTAACTGGCTAGTACCTTTAATATTAGGGGCCCCCGATATAGCTTTCCCACGCTTAAACAATATAAGATTTTGACTTTTACCCCCTTCATTTCTTTTATTATTATCCTCTGCTTTAGTAGAAAATGGGGCAGGGACAGGCTGGACCGTTTACCCTCCCCTATCTAGAAATATTGCACATACGGGGGCATCTGTAGATTTAACAATTTTCTCCTTGCACTTAGCGGGTGTTTCTTCTATTCTTGGAGCCATTAACTTTATTACAACCATCATTAATATACGAACACAAGGAATAATTTTAGAACGAATACCCCTCTTTGTATGGTCAGTAAAAATTACAGCAATCCTATTACTACTTTCTCTACCAGTCCTGGCAGGTGCCATCACTATACTACTAACAGAT	6102746	CNBRC006-14[C_LepFolF,C_LepFolR]_R.ab1	http://trace.boldsystems.org/traceIO/bold.org/7949373	2014-03-18 11:18:11	Biodiversity Institute of Ontario	R	C_LepFolR	COI-5P
CNBRJ242-14	BIOUG10540-C05	4208883	BIOUG10540-C05	GMP#01300	Centre for Biodiversity Genomics		BOLD:ABW0506	20	Arthropoda	63	Arachnida	24643	Opiliones	151797	Phalangiidae	361450	Phalangiinae	361453	Rilaena	361454	Rilaena triangularis			Monica R. Young	BIN Taxonomy Match			Vouchered:Registered Collection	Tissue		CBH staff				2 Malaise traps	BIOUG:CAPEBRE-NP	Malaise Trap	A			Forest			Cape Breton Highlands NP		46.6553	-60.4285	GPS, WGS84		21				Canada	Nova Scotia	Cape Breton Highlands National Park		Clyburn Valley Road, near golf course										6178812	COI-5P	KR103235	AATTTTTGGTATATGAGCTGCAATAGTTGGAACTGCCCTAAGAATGCTAATTCGCACAGAACTAGGGCAACCCGGCTCCTTAATAAATGATGACCAAATTTATAATGTCATTGTAACAGCCCATGCTTTTGTAATAATTTTTTTCATAGTCATACCTATTATAATTGGAGGATTCGGTAACTGGCTAGTACCTTTAATATTAGGGGCCCCCGATATAGCTTTCCCACGCTTAAACAATATAAGATTTTGACTTTTACCCCCTTCATTTCTTTTATTATTATCCTCTGCTTTAGTAGAAAATGGGGCAGGGACAGGCTGGACCGTTTACCCTCCCCTATCTAGAAATATTGCACATACGGGGGCATCTGTAGATTTAACAATTTTCTCCTTGCACTTAGCGGGTGTTTCTTCTATTCTTGGAGCCATTAACTTTATTACAACCATCATTAATATACGAACACAAGGAATAATTTTAGAACGAATACCCCTCTTTGTATGGTCAGTAAAAATTACAGCAATCCTATT	6206406	CNBRJ242-14[C_LepFolF,C_LepFolR]_R.ab1	http://trace.boldsystems.org/traceIO/bold.org/8053044	2014-04-08 23:20:01	Biodiversity Institute of Ontario	R	C_LepFolR	COI-5P
CNBRL011-14	BIOUG10540-E01	4214217	BIOUG10540-E01	GMP#01308	Centre for Biodiversity Genomics		BOLD:ABW0506	20	Arthropoda	63	Arachnida	24643	Opiliones	151797	Phalangiidae	361450	Phalangiinae	361453	Rilaena	361454	Rilaena triangularis			Monica R. Young	BIN Taxonomy Match			Vouchered:Registered Collection	Tissue		CBH staff				2 Malaise traps	BIOUG:CAPEBRE-NP	Malaise Trap	A			Forest			Cape Breton Highlands NP		46.6553	-60.4285	GPS, WGS84		21				Canada	Nova Scotia	Cape Breton Highlands National Park		Clyburn Valley Road, near golf course										6179630	COI-5P	KR097145	GTACAATATATATAATTTTTGGTATATGAGCTGCAATAGTTGGAACTGCCCTAAGAATGCTAATTCGCACAGAACTAGGGCAACCCGGCTCCTTAATAAATGATGACCAAATTTATAATGTCATTGTAACAGCCCATGCTTTTGTAATAATTTTTTTCATAGTCATACCTATTATAATTGGAGGATTCGGTAACTGGCTAGTACCTTTAATATTAGGGGCCCCCGATATAGCTTTCCCACGCTTAAACAATATAAGATTTTGACTTTTACCCCCTTCATTTCTTTTATTATTATCCTCTGCTTTAGTAGAAAATGGGGCAGGGACAGGCTGGACCGTTTACCCTCCCCTATCTAGAAATATTGCACATACGGGGGCATCTGTAGATTTAACAATTTTCTCCTTGCACTTAGCGGGTGTTTCTTCTATTCTTGGAGCCATTAACTTTATTACAACCATCATTAATATACGAACACAAGGAATAATTTTAGAACGAATACCCCTCTTTGTATGGTCAGTAAAAATTACAGCAATCCTATTACTACTTTCTCTACCAGTCCTGGCAGGTGCCAT	6206426	CNBRL011-14[C_LepFolF,C_LepFolR]_R.ab1	http://trace.boldsystems.org/traceIO/bold.org/8053064	2014-04-08 23:20:01	Biodiversity Institute of Ontario	R	C_LepFolR	COI-5P
CNBRL013-14	BIOUG10540-E03	4214219	BIOUG10540-E03	GMP#01308	Centre for Biodiversity Genomics		BOLD:ABW0506	20	Arthropoda	63	Arachnida	24643	Opiliones	151797	Phalangiidae	361450	Phalangiinae	361453	Rilaena	361454	Rilaena triangularis			Monica R. Young	BIN Taxonomy Match			Vouchered:Registered Collection	Tissue		CBH staff				2 Malaise traps	BIOUG:CAPEBRE-NP	Malaise Trap	A			Forest			Cape Breton Highlands NP		46.6553	-60.4285	GPS, WGS84		21				Canada	Nova Scotia	Cape Breton Highlands National Park		Clyburn Valley Road, near golf course										6179706	COI-5P	KR104291	AATTTTTGGTATATGAGCTGCAATAGTTGGAACTGCCCTAAGAATGCTAATTCGCACAGAACTAGGGCAACCCGGCTCCTTAATAAATGATGACCAAATTTATAATGTCATTGTAACAGCCCATGCTTTTGTAATAATTTTTTTCATAGTCATACCTATTATAATTGGAGGATTCGGTAACTGGCTAGTACCTTTAATATTAGGGGCCCCCGATATAGCTTTCCCACGCTTAAACAATATAAGATTTTGACTTTTACCCCCTTCATTTCTTTTATTATTATCCTCTGCTTTAGTAGAAAATGGGGCAGGGACAGGCTGGACCGTTTACCCTCCCCTATCTAGAAATATTGCACATACGGGGGCATCTGTAGATTTAACAATTTTCTCCTTGCACTTAGCGGGTGTTTCTTCTATTCTTGGAGCCATTAACTTTATTACAACCATCATTAATATACGAACACAAGGAATAATTTTAGAACGAATACCCCTCTTTGTATGGTCAGTAAAAATTACAGCAATCCTATTACTACTTTCTCTACCAGTCCTGGCAGGTGCCAT	6206428	CNBRL013-14[C_LepFolF,C_LepFolR]_R.ab1	http://trace.boldsystems.org/traceIO/bold.org/8053066	2014-04-08 23:20:01	Biodiversity Institute of Ontario	R	C_LepFolR	COI-5P
CNBRL014-14	BIOUG10540-E04	4214220	BIOUG10540-E04	GMP#01308	Centre for Biodiversity Genomics		BOLD:ABW0506	20	Arthropoda	63	Arachnida	24643	Opiliones	151797	Phalangiidae	361450	Phalangiinae	361453	Rilaena	361454	Rilaena triangularis			Monica R. Young	BIN Taxonomy Match			Vouchered:Registered Collection	Tissue		CBH staff				2 Malaise traps	BIOUG:CAPEBRE-NP	Malaise Trap	A			Forest			Cape Breton Highlands NP		46.6553	-60.4285	GPS, WGS84		21				Canada	Nova Scotia	Cape Breton Highlands National Park		Clyburn Valley Road, near golf course										6176085	COI-5P	KR105049	GTACAATATATATAATTTTTGGTATATGAGCTGCAATAGTTGGAACTGCCCTAAGAATGCTAATTCGCACAGAACTAGGGCAACCCGGCTCCTTAATAAATGATGACCAAATTTATAATGTCATTGTAACAGCCCATGCTTTTGTAATAATTTTTTTCATAGTCATACCTATTATAATTGGAGGATTCGGTAACTGGCTAGTACCTTTAATATTAGGGGCCCCCGATATAGCTTTCCCACGCTTAAACAACATAAGATTTTGACTTTTACCCCCTTCATTTCTTTTATTATTATCCTCTGCTTTAGTAGAAAATGGGGCAGGGACAGGCTGGACCGTTTATCCTCCCCTATCTAGAAATATTGCACATACGGGGGCATCTGTAGATTTAACAATTTTCTCCTTGCACTTAGCGGGTGTTTCTTCTATTCTTGGAGCCATTAACTTTATTACAACCATCATTAATATACGAACACAAGGAATAATTTTAGAACGAATACCCCTCTTTGTATGGTCAGTAAAAATTACAGCAATCCTATTACTACT	6206429	CNBRL014-14[C_LepFolF,C_LepFolR]_R.ab1	http://trace.boldsystems.org/traceIO/bold.org/8053067	2014-04-08 23:20:01	Biodiversity Institute of Ontario	R	C_LepFolR	COI-5P
CNBRM019-14	BIOUG10540-H08	4229402	BIOUG10540-H08	GMP#01312	Centre for Biodiversity Genomics		BOLD:ABW0506	20	Arthropoda	63	Arachnida	24643	Opiliones	151797	Phalangiidae	361450	Phalangiinae	361453	Rilaena	361454	Rilaena triangularis			Monica R. Young	BIN Taxonomy Match			Vouchered:Registered Collection	Tissue		CBH staff				2 Malaise traps	BIOUG:CAPEBRE-NP	Malaise Trap	A			Forest			Cape Breton Highlands NP		46.6553	-60.4285	GPS, WGS84		21				Canada	Nova Scotia	Cape Breton Highlands National Park		Clyburn Valley Road, near golf course										6178253	COI-5P	KR101851	GTACAATATATATAATTTTTGGTATATGAGCTGCAATAGTTGGAACTGCCCTAAGAATGCTAATTCGCACAGAACTAGGGCAACCCGGCTCCTTAATAAATGATGACCAAATTTATAATGTCATTGTAACAGCCCATGCTTTTGTAATAATTTTTTTCATAGTCATACCTATTATAATTGGAGGATTCGGTAACTGGCTAGTACCTTTAATATTAGGGGCCCCCGATATAGCTTTCCCACGCTTAAACAATATAAGATTTTGACTTTTACCCCCTTCATTTCTTTTATTATTATCCTCTGCTTTAGTAGAAAATGGGGCAGGGACAGGCTGGACCGTTTACCCTCCCCTATCTAGAAATATTGCACATACGGGGGCATCTGTAGATTTAACAATTTTCTCCTTGCACTTAGCGGGTGTTTCTTCTATTCTTGGAGCCATTAACTTTATTACAACCATCATTAATATACGAACACAAGGAATAATTTTAGAACGAATACCCCTCTTTGTATGGTCAGTAAAAATTACAGCAATCCTATTACTACTTTC	6206469	CNBRM019-14[C_LepFolF,C_LepFolR]_R.ab1	http://trace.boldsystems.org/traceIO/bold.org/8053107	2014-04-08 23:20:01	Biodiversity Institute of Ontario	R	C_LepFolR	COI-5P
CNBRM020-14	BIOUG10540-H09	4229403	BIOUG10540-H09	GMP#01312	Centre for Biodiversity Genomics		BOLD:ABW0506	20	Arthropoda	63	Arachnida	24643	Opiliones	151797	Phalangiidae	361450	Phalangiinae	361453	Rilaena	361454	Rilaena triangularis			Monica R. Young	BIN Taxonomy Match			Vouchered:Registered Collection	Tissue		CBH staff				2 Malaise traps	BIOUG:CAPEBRE-NP	Malaise Trap	A			Forest			Cape Breton Highlands NP		46.6553	-60.4285	GPS, WGS84		21				Canada	Nova Scotia	Cape Breton Highlands National Park		Clyburn Valley Road, near golf course										6177009	COI-5P	KR101329	GTACAATATATATAATTTTTGGTATATGAGCTGCAATAGTTGGAACTGCCCTAAGAATGCTAATTCGCACAGAACTAGGGCAACCCGGCTCCTTAATAAATGATGACCAAATTTATAATGTCATTGTAACAGCCCATGCTTTTGTAATAATTTTTTTCATAGTCATACCTATTATAATTGGAGGATTCGGTAACTGGCTAGTACCTTTAATATTAGGGGCCCCCGATATAGCTTTCCCACGCTTAAACAATATAAGATTTTGACTTTTACCCCCTTCATTTCTTTTATTATTATCCTCTGCTTTAGTAGAAAATGGGGCAGGGACAGGCTGGACCGTTTACCCTCCCCTATCTAGAAATATTGCACATACGGGGGCATCTGTAGATTTAACAATTTTCTCCTTGCACTTAGCGGGTGTTTCTTCTATTCTTGGAGCCATTAACTTTATTACAACCATCATTAATATACGAACACAAGGAATAATTTTAGAACGAATACCCCTCTTTGTATGGTCAGTAAAAATTACAGCAATCCTATTACTACTTTCTCTACCAGTCCTGGCAGGTGCCATCACTATACTACTAACAGAT	6206470	CNBRM020-14[C_LepFolF,C_LepFolR]_R.ab1	http://trace.boldsystems.org/traceIO/bold.org/8053108	2014-04-08 23:20:01	Biodiversity Institute of Ontario	R	C_LepFolR	COI-5P
CNBRN400-14	BIOUG10845-A03	4223160	BIOUG10845-A03	GMP#01316	Centre for Biodiversity Genomics		BOLD:ABW0506	20	Arthropoda	63	Arachnida	24643	Opiliones	151797	Phalangiidae	361450	Phalangiinae	361453	Rilaena	361454	Rilaena triangularis			Monica R. Young	BIN Taxonomy Match			Vouchered:Registered Collection	Tissue		CBH staff				2 Malaise traps	BIOUG:CAPEBRE-NP	Malaise Trap	A			Forest			Cape Breton Highlands NP		46.6553	-60.4285	GPS, WGS84		21				Canada	Nova Scotia	Cape Breton Highlands National Park		Clyburn Valley Road, near golf course										6120570	COI-5P	KR100371	-ACAATATATATAATTTTTGGTATATGAGCTGCAATAGTTGGAACTGCCCTA---AGAATGCTAATTCGCACAGAACTAGGGCAACCCGGCTCCTTAATAAATGAT---GACCAAATTTATAATGTCATTGTAACAGCCCATGCTTTTGTAATAATTTTTTTCATAGTCATACCTATTATAATTGGAGGATTCGGTAACTGGCTAGTACCTTTAATA---TTAGGGGCCCCCGATATAGCTTTCCCACGCTTAAACAATATAAGATTTTGACTTTTACCCCCTTCATTTCTTTTATTATTATCCTCTGCTTTAGTAGAAAATGGGGCAGGGACAGGCTGGACCGTTTACCCTCCCCTATCTAGAAATATTGCACATACGGGGGCATCTGTAGATTTA---ACAATTTTCTCCTTGCACTTAGCGGGTGTTTCTTCTATTCTTGGAGCCATTAACTTTATTACAACCATCATTAATATACGAACACAAGGAATAATTTTAGAACGAATACCCCTCTTTGTATGGTCAGTAAAAATTACAGCAATCCTATTACTACTTTCTCTACCAGTCCTGGCAGGT---GCCATCACTATA-------------------------------------------------------------------------------------------------------------------------------------------------------------------------------------------------------------------------------------------------------------------------------	6112667	CNBRN400-14[C_LepFolF,C_LepFolR]_R.ab1	http://trace.boldsystems.org/traceIO/bold.org/7959294	2014-03-19 22:05:39	Biodiversity Institute of Ontario	R	C_LepFolR	COI-5P
CNPEB1959-14	BIOUG10307-A01	4161183	BIOUG10307-A01	GMP#01348	Centre for Biodiversity Genomics		BOLD:ABW0506	20	Arthropoda	63	Arachnida	24643	Opiliones	151797	Phalangiidae	361450	Phalangiinae	361453	Rilaena	361454	Rilaena triangularis			Monica R. Young	BIN Taxonomy Match			Vouchered:Registered Collection	Tissue		Paul Ayles				2 Malaise traps|late successional red maple stand	BIOUG:PEI-NP	Malaise Trap				Forest			Prince Edward Island NP		46.4123	-63.085	GPS, WGS84		6				Canada	Prince Edward Island	Prince Edward Island National Park	Woodland Trail / Long Point											6138539	COI-5P	KR096795	GTACAATATATATAATTTTTGGTATATGAGCTGCAATAGTTGGAACTGCCCTAAGAATGCTAATTCGCACAGAACTAGGGCAACCCGGCTCCTTAATAAATGATGACCAAATTTATAATGTCATTGTAACAGCCCATGCTTTTGTAATAATTTTTTTCATAGTCATACCTATTATAATTGGAGGATTCGGTAACTGGCTAGTACCTTTAATATTAGGGGCCCCCGATATAGCTTTCCCACGCTTAAACAACATAAGATTTTGACTTTTACCCCCTTCATTTCTTTTATTATTATCCTCTGCTTTAGTAGAAAATGGGGCAGGGACAGGCTGGACCGTTTATCCTCCCCTATCTAGAAATATTGCACATACGGGGGCATCTGTAGATTTAACAATTTTCTCCTTGCACTTAGCGGGTGTTTCTTCTATTCTTGGAGCCATTAACTTTATTACAACCATCATTAATATACGAACACAAGGAATAATTTTAGAACGAATACCCCTCTTTGTATGGTCAGTAAAAATTACAGCAATCCTATTACTACTTTCTCTACCAGTCCTGGCAGGTGCCATCACTATACTACTAACAGAT	6135440	CNPEB1959-14[C_LepFolF,C_LepFolR]_R.ab1	http://trace.boldsystems.org/traceIO/bold.org/7982067	2014-03-25 12:00:14	Biodiversity Institute of Ontario	R	C_LepFolR	COI-5P
CNPEC104-14	BIOUG10307-C08	4165525	BIOUG10307-C08	GMP#01352	Centre for Biodiversity Genomics		BOLD:ABW0506	20	Arthropoda	63	Arachnida	24643	Opiliones	151797	Phalangiidae	361450	Phalangiinae	361453	Rilaena	361454	Rilaena triangularis			Monica R. Young	BIN Taxonomy Match			Vouchered:Registered Collection	Tissue		Paul Ayles				2 Malaise traps|late successional red maple stand	BIOUG:PEI-NP	Malaise Trap				Forest			Prince Edward Island NP		46.4123	-63.085	GPS, WGS84		6				Canada	Prince Edward Island	Prince Edward Island National Park	Woodland Trail / Long Point											6135022	COI-5P	KR104336	TACAATATATATAATTTTTGGTATATGAGCTGCAATAGTTGGAACTGCCCTAAGAATGCTAATTCGCACAGAACTAGGGCAACCCGGCTCCTTAATAAATGATGACCAAATTTATAATGTCATTGTAACAGCCCATGCTTTTGTAATAATTTTTTTCATAGTCATACCTATTATAATTGGAGGATTCGGTAACTGGCTAGTACCTTTAATATTAGGGGCCCCCGATATAGCTTTCCCACGCTTAAACAACATAAGATTTTGACTTTTACCCCCTTCATTTCTTTTATTATTATCCTCTGCTTTAGTAGAAAATGGGGCAGGGACAGGCTGGACCGTTTATCCTCCCCTATCTAGAAATATTGCACATACGGGGGCATCTGTAGATTTAACAATTTTCTCCTTGCACTTAGCGGGTGTTTCTTCTATTCTTGGAGCCATTAACTTTATTACAACCATCATTAATATACGAACACAAGGAATAATTTTAGAACGAATACCCCTCTTTGTATGGTCAGTAAAAATTACAGCAATCCTATTACTACTTTCTCTACCAGTCCTGGCAGGTGCCATCACTATACTACTAACAGAT	6135471	CNPEC104-14[C_LepFolF,C_LepFolR]_R.ab1	http://trace.boldsystems.org/traceIO/bold.org/7982098	2014-03-25 12:00:14	Biodiversity Institute of Ontario	R	C_LepFolR	COI-5P
CNPEC106-14	BIOUG10307-C10	4165527	BIOUG10307-C10	GMP#01352	Centre for Biodiversity Genomics		BOLD:ABW0506	20	Arthropoda	63	Arachnida	24643	Opiliones	151797	Phalangiidae	361450	Phalangiinae	361453	Rilaena	361454	Rilaena triangularis			Monica R. Young	BIN Taxonomy Match			Vouchered:Registered Collection	Tissue		Paul Ayles				2 Malaise traps|late successional red maple stand	BIOUG:PEI-NP	Malaise Trap				Forest			Prince Edward Island NP		46.4123	-63.085	GPS, WGS84		6				Canada	Prince Edward Island	Prince Edward Island National Park	Woodland Trail / Long Point											6137014	COI-5P	KR097538	GGTACAATATATATAATTTTTGGTATATGAGCTGCAATAGTTGGAACTGCCCTAAGAATGCTAATTCGCACAGAACTAGGGCAACCCGGCTCCTTAATAAATGATGACCAAATTTATAATGTCATTGTAACAGCCCATGCTTTTGTAATAATTTTTTTCATAGTCATACCTATTATAATTGGAGGATTCGGTAACTGGCTAGTACCTTTAATATTAGGGGCCCCCGATATAGCTTTCCCACGCTTAAACAACATAAGATTTTGACTTTTACCCCCTTCATTTCTTTTATTATTATCCTCTGCTTTAGTAGAAAATGGGGCAGGGACAGGCTGGACCGTTTATCCTCCCCTATCTAGAAATATTGCACATACGGGGGCATCTGTAGATTTAACAATTTTCTCCTTGCACTTAGCGGGTGTTTCTTCTATTCTTGGAGCCATTAACTTTATTACAACCATCATTAATATACGAACACAAGGAATAATTTTAGAACGAATACCCCTCTTTGTATGGTCAGTAAAAATTACAGCAATCCTATTACTACTTTCTCTACCAGTCCTGGCAGGTGCCATCACTATACTACTAACAGAT	6135473	CNPEC106-14[C_LepFolF,C_LepFolR]_R.ab1	http://trace.boldsystems.org/traceIO/bold.org/7982100	2014-03-25 12:00:14	Biodiversity Institute of Ontario	R	C_LepFolR	COI-5P
CNPED078-14	BIOUG10307-G07	4170764	BIOUG10307-G07	GMP#01356	Centre for Biodiversity Genomics		BOLD:ABW0506	20	Arthropoda	63	Arachnida	24643	Opiliones	151797	Phalangiidae	361450	Phalangiinae	361453	Rilaena	361454	Rilaena triangularis			Monica R. Young	BIN Taxonomy Match			Vouchered:Registered Collection	Tissue		Paul Ayles				2 Malaise traps|late successional red maple stand	BIOUG:PEI-NP	Malaise Trap				Forest			Prince Edward Island NP		46.4123	-63.085	GPS, WGS84		6				Canada	Prince Edward Island	Prince Edward Island National Park	Woodland Trail / Long Point											6135152	COI-5P	KR097876	TGGTACAATATATATAATTTTTGGTATATGAGCTGCAATAGTTGGAACTGCCCTAAGAATGCTAATTCGCACAGAACTAGGGCAACCCGGCTCCTTAATAAATGATGACCAAATTTATAATGTCATTGTAACAGCCCATGCTTTTGTAATAATTTTTTTCATAGTCATACCTATTATAATTGGAGGATTCGGTAACTGGCTAGTACCTTTAATATTAGGGGCCCCCGATATAGCTTTCCCACGCTTAAACAACATAAGATTTTGACTTTTACCCCCTTCATTTCTTTTATTATTATCCTCTGCTTTAGTAGAAAATGGGGCAGGGACAGGCTGGACCGTTTATCCTCCCCTATCTAGAAATATTGCACATACGGGGGCATCTGTAGATTTAACAATTTTCTCCTTGCACTTAGCGGGTGTTTCTTCTATTCTTGGAGCCATTAACTTTATTACAACCATCATTAATATACGAACACAAGGAATAATTTTAGAACGAATACCCCTCTTTGTATGGTCAGTAAAAATTACAGCAATCCTATTACTACTTTCTCTACCAGTCCTGGCAGGTGCCATCACTATACTACTAACAGAT	6135518	CNPED078-14[C_LepFolF,C_LepFolR]_R.ab1	http://trace.boldsystems.org/traceIO/bold.org/7982145	2014-03-25 12:00:14	Biodiversity Institute of Ontario	R	C_LepFolR	COI-5P
CNPEE1786-14	BIOUG10462-C04	4183652	BIOUG10462-C04	GMP#01360	Centre for Biodiversity Genomics		BOLD:ABW0506	20	Arthropoda	63	Arachnida	24643	Opiliones	151797	Phalangiidae	361450	Phalangiinae	361453	Rilaena	361454	Rilaena triangularis			Monica R. Young	BIN Taxonomy Match			Vouchered:Registered Collection	Tissue		Paul Ayles				2 Malaise traps|late successional red maple stand	BIOUG:PEI-NP	Malaise Trap				Forest			Prince Edward Island NP		46.4123	-63.085	GPS, WGS84		6				Canada	Prince Edward Island	Prince Edward Island National Park	Woodland Trail / Long Point											6134248	COI-5P	KR101524	TGAGCTGCAATAGTTGGAACTGCCCTAAGAATGNTAATTCGCACAGAACTAGGGCAACCCGGCTCCTTAATAAATGATGACCAAATTTATAATGTCATTGTAACAGCCCATGCTTTTGTAATAATTTTTTTCATAGTCATACCTATTATAATTGGAGGATTCGGTAACTGGCTAGTACCTTTAATATTAGGGGCCCCCGATATAGCTTTCCCACGCTTAAACAACATAAGATTTTGACTTTTACCCCCTTCATTTCTTTTATTATTATCCTCTGCTTTAGTAGAAAATGGGGCAGGGACAGGCTGGACCGTTTATCCTCCCCTATCTAGAAATATTGCACATACGGGGGCATCTGTAGATTTAACAATTTTCTCCTTGCACTTAGCGGGTGTTTCTTCTATTCTTGGAGCCATTAACTTTATTACAACCATCATTAATATACGAACACAAGGAATAATTTTAGAACGAATACCCCTCTTTGTATGGTCAGTAAAAATTACAGCAATCCTATTACTACTTTCTCTACCAGTCCTGGCAGGTGC	6138222	CNPEE1786-14[C_LepFolF,C_LepFolR]_R.ab1	http://trace.boldsystems.org/traceIO/bold.org/7984849	2014-03-25 15:17:31	Biodiversity Institute of Ontario	R	C_LepFolR	COI-5P
CNPEE1789-14	BIOUG10462-C07	4183655	BIOUG10462-C07	GMP#01360	Centre for Biodiversity Genomics		BOLD:ABW0506	20	Arthropoda	63	Arachnida	24643	Opiliones	151797	Phalangiidae	361450	Phalangiinae	361453	Rilaena	361454	Rilaena triangularis			Monica R. Young	BIN Taxonomy Match			Vouchered:Registered Collection	Tissue		Paul Ayles				2 Malaise traps|late successional red maple stand	BIOUG:PEI-NP	Malaise Trap				Forest			Prince Edward Island NP		46.4123	-63.085	GPS, WGS84		6				Canada	Prince Edward Island	Prince Edward Island National Park	Woodland Trail / Long Point											6137465	COI-5P	KR098072	TGGTACAATATATATAANTTTTGGTATATGAGCTGCAATAGTTGGAACTGCCCTAAGAATGCTAATTCGCACAGAACTAGGGCAACCCGGCTCCTTAATAAATGATGACCAAATTTATAATGTCATTGTAACAGCCCATGCTTTTGTAATAATTTTTTTCATAGTCATACCTATTATAATTGGAGGATTCGGTAACTGGCTAGTACCTTTAATATTAGGGGCCCCCGATATAGCTTTCCCACGCTTAAACAACATAAGATTTTGACTTTTACCCCCTTCATTTCTTTTATTATTATCCTCTGCTTTAGTAGAAAATGGGGCAGGGACAGGCTGGACCGTTTATCCTCCCCTATCTAGAAATATTGCACATACGGGGGCATCTGTAGATTTAACAATTTTCTCCTTGCACTTAGCGGGTGTTTCTTCTATTCTTGGAGCCATTAACTTTATTACAACCATCATTAATATACGAACACAAGGAATAATTTTAGAACGAATACCCCTCTTTGTATGGTCAGTAAAAATTACAGCAATCCTATTACTACTTTCTCTACCAGTCCTGGCAGGTGCCATCACTATACTACTAACAGAT	6138225	CNPEE1789-14[C_LepFolF,C_LepFolR]_R.ab1	http://trace.boldsystems.org/traceIO/bold.org/7984852	2014-03-25 15:17:31	Biodiversity Institute of Ontario	R	C_LepFolR	COI-5P
CNPEE1790-14	BIOUG10462-C08	4183656	BIOUG10462-C08	GMP#01360	Centre for Biodiversity Genomics			20	Arthropoda	63	Arachnida	24643	Opiliones	151797	Phalangiidae	361450	Phalangiinae	361453	Rilaena	361454	Rilaena triangularis			Monica R. Young	BIN Taxonomy Match			Vouchered:Registered Collection	Tissue		Paul Ayles				2 Malaise traps|late successional red maple stand	BIOUG:PEI-NP	Malaise Trap				Forest			Prince Edward Island NP		46.4123	-63.085	GPS, WGS84		6				Canada	Prince Edward Island	Prince Edward Island National Park	Woodland Trail / Long Point											6134685	COI-5P	KR104930	GTACAATATATATAATTTTTGGTATATGAGCTGCAATAGTTGGAACTGCCNTAAGAATGNTAATTCGCACAGAACTAGGGCAACCCGGCTCCTTAATAAATGATGACCAAATTTATAATGTCATTGTAACAGCCCATGCTTTTGTAATAATTTTTTTCATAGTCATACCTATTATAATTGGAGGATTCGGTAACTGGCTAGTACCTTTAATATTAGGGGCCCCCGATATAGCTTTCCCACGCTTAAACAACATAAGATTTTGACTTTTACCCCCTTCATTTCTTTTATTATTATCCTCTGCTTTAGTAGAAAATGGGGCAGGGACAGGCTGGACCGTTTATCCTCCCCTATCTAGAAATATTGCACATACGGGGGCATCTGTAGATTTAACAATTTTCTCCTTGCACTTAGCGGGTGTTTNTTCTATTCTTGGAGCCATTAACTTTATTACAACCATCATTAATATACGAACACAAGGAATAATTTTAGAACGAATACCCCTCTTTGTATGGTCAGTAAAAAT	6138226	CNPEE1790-14[C_LepFolF,C_LepFolR]_R.ab1	http://trace.boldsystems.org/traceIO/bold.org/7984853	2014-03-25 15:17:31	Biodiversity Institute of Ontario	R	C_LepFolR	COI-5P
CNPEM2380-14	BIOUG10598-A09	4218535	BIOUG10598-A09	GMP#01350	Centre for Biodiversity Genomics		BOLD:ABW0506	20	Arthropoda	63	Arachnida	24643	Opiliones	151797	Phalangiidae	361450	Phalangiinae	361453	Rilaena	361454	Rilaena triangularis			Monica R. Young	BIN Taxonomy Match			Vouchered:Registered Collection	Tissue		Paul Ayles				2 Malaise traps|late successional red maple stand	BIOUG:PEI-NP	Malaise Trap				Forest			Prince Edward Island NP		46.4123	-63.085	GPS, WGS84		6				Canada	Prince Edward Island	Prince Edward Island National Park	Woodland Trail / Long Point											6151336	COI-5P	KR101525	ATTTTTGGTATATGAGCTGCAATAGTTGGAACTGCCCTAAGAATGNTAATTCGCACAGAACTAGGGCAACCCGGCTCCTTAATAAATGATGACCAAATTTATAATGTCATTGTAACAGCCCATGCTTTTGTAATAATTTTTTTCATAGTCATACCTATTATAATTGGAGGATTCGGTAACTGGCTAGTACCTTTAATATTAGGGGCCCCCGATATAGCTTTCCCACGCTTAAACAACATAAGATTTTGACTTTTACCCCCTTCATTTCTTTTATTATTATCCTCTGCTTTAGTAGAAAATGGGGCAGGGACAGGCTGGACCGTTTATCCTCCCCTATCTAGAAATATTGCACATACGGGGGCATCTGTAGATTTAACAATTTTCTCCTTGCACTTAGCGGGTGTTTCTTCTATTCTTGGAGCCATTAACTTTATTACAACCATCATTAATATACGAACACAAGGAATAATTTTAGAACGAATACCCCTCTTTGTATGGTCAGTAAAAATTACAGCAATCCTATTACTACT	6166642	CNPEM2380-14[C_LepFolF,C_LepFolR]_R.ab1	http://trace.boldsystems.org/traceIO/bold.org/8013269	2014-03-29 02:32:33	Biodiversity Institute of Ontario	R	C_LepFolR	COI-5P
CNPEM2382-14	BIOUG10598-A11	4218537	BIOUG10598-A11	GMP#01350	Centre for Biodiversity Genomics		BOLD:ABW0506	20	Arthropoda	63	Arachnida	24643	Opiliones	151797	Phalangiidae	361450	Phalangiinae	361453	Rilaena	361454	Rilaena triangularis			Monica R. Young	BIN Taxonomy Match			Vouchered:Registered Collection	Tissue		Paul Ayles				2 Malaise traps|late successional red maple stand	BIOUG:PEI-NP	Malaise Trap				Forest			Prince Edward Island NP		46.4123	-63.085	GPS, WGS84		6				Canada	Prince Edward Island	Prince Edward Island National Park	Woodland Trail / Long Point											6148396	COI-5P	KR102522	TACAATATATATAATTTTTGGTATATGAGCTGCAATAGTTGGAACTGCCCTAAGAATGCTAATTCGCACAGAACTAGGGCAACCCGGCTCCTTAATAAATGATGACCAAATTTATAATGTCATTGTAACAGCCCATGCTTTTGTAATAATTTTTTTCATAGTCATACCTATTATAATTGGAGGATTCGGTAACTGGCTAGTACCTTTAATATTAGGGGCCCCCGATATAGCTTTCCCACGCTTAAACAACATAAGATTTTGACTTTTACCCCCTTCATTTCTTTTATTATTATCCTCTGCTTTAGTAGAAAATGGGGCAGGGACAGGCTGGACCGTTTATCCTCCCCTATCTAGAAATATTGCACATACGGGGGCATCTGTAGATTTAACAATTTTCTCCTTGCACTTAGCGGGTGTTTCTTCTATTCTTGGAGCCATTAACTTTATTACAACCATCATTAATATACGAACACAAGGAATAATTTTAGAACGAATACCCCTCTTTGTATGGTCAGTAAAAATTACAGCAATCCTATTACTACTTTCTCTACCAGTCCTGGCAGGTGCCATCACTATACTACTAACAGATCGAAATTTTAATACCTCCTTCTTCGACCCA-------------------	6166644	CNPEM2382-14[C_LepFolF,C_LepFolR]_R.ab1	http://trace.boldsystems.org/traceIO/bold.org/8013271	2014-03-29 02:32:33	Biodiversity Institute of Ontario	R	C_LepFolR	COI-5P
CNPEM2383-14	BIOUG10598-A12	4218538	BIOUG10598-A12	GMP#01350	Centre for Biodiversity Genomics		BOLD:ABW0506	20	Arthropoda	63	Arachnida	24643	Opiliones	151797	Phalangiidae	361450	Phalangiinae	361453	Rilaena	361454	Rilaena triangularis			Monica R. Young	BIN Taxonomy Match			Vouchered:Registered Collection	Tissue		Paul Ayles				2 Malaise traps|late successional red maple stand	BIOUG:PEI-NP	Malaise Trap				Forest			Prince Edward Island NP		46.4123	-63.085	GPS, WGS84		6				Canada	Prince Edward Island	Prince Edward Island National Park	Woodland Trail / Long Point											6146821	COI-5P	KR097615	TACAATATATATAATTTTTGGTATATGAGCTGCAATAGTTGGAACTGCCCTAAGAATGCTAATTCGCACAGAACTAGGGCAACCCGGCTCCTTAATAAATGATGACCAAATTTATAATGTCATTGTAACAGCCCATGCTTTTGTAATAATTTTTTTCATAGTCATACCTATTATAATTGGAGGATTCGGTAACTGGCTAGTACCTTTAATATTAGGGGCCCCCGATATAGCTTTCCCACGCTTAAACAACATAAGATTTTGACTTTTACCCCCTTCATTTCTTTTATTATTATCCTCTGCTTTAGTAGAAAATGGGGCAGGGACAGGCTGGACCGTTTATCCTCCCCTATCTAGAAATATTGCACATACGGGGGCATCTGTAGATTTAACAATTTTCTCCTTGCACTTAGCGGGTGTTTCTTCTATTCTTGGAGCCATTAACTTTATTACAACCATCATTAATATACGAACACAAGGAATAATTTTAGAACGAATACCCCTCTTTGTATGGTCAGTAAAAATTACAGCAATCCTATTACTACTTTCTCTACCAGTCCTGGCAGGTGCCATCACTATACTACTAACAGATCGAAATTTTAATACCTCCTTCTTCGACCC--------------------	6166645	CNPEM2383-14[C_LepFolF,C_LepFolR]_R.ab1	http://trace.boldsystems.org/traceIO/bold.org/8013272	2014-03-29 02:32:33	Biodiversity Institute of Ontario	R	C_LepFolR	COI-5P
CNPEM2384-14	BIOUG10598-B01	4218539	BIOUG10598-B01	GMP#01350	Centre for Biodiversity Genomics		BOLD:ABW0506	20	Arthropoda	63	Arachnida	24643	Opiliones	151797	Phalangiidae	361450	Phalangiinae	361453	Rilaena	361454	Rilaena triangularis			Monica R. Young	BIN Taxonomy Match			Vouchered:Registered Collection	Tissue		Paul Ayles				2 Malaise traps|late successional red maple stand	BIOUG:PEI-NP	Malaise Trap				Forest			Prince Edward Island NP		46.4123	-63.085	GPS, WGS84		6				Canada	Prince Edward Island	Prince Edward Island National Park	Woodland Trail / Long Point											6146398	COI-5P	KR097579	ATATAATTTTTGGTATATGAGCTGCAATAGTNGGAACTGCCCTAAGAATGCTAATTCGCACAGAACTAGGGCAACCCGGCTCCTTAATAAATGATGACCAAATTTATAATGTCATTGTAACAGCCCATGCTTTTGTAATAATTTTTTTCATAGTCATACCTATTATAATTGGAGGATTCGGTAACTGGCTAGTACCTTTAATATTAGGGGCCCCCGATATAGCTTTCCCACGCTTAAACAACATAAGATTTTGACTTTTACCCCCTTCATTTCTTTTATTATTATCCTCTGCTTTAGTAGAAAATGGGGCAGGGACAGGCTGGACCGTTTATCCTCCCCTATCTAGAAATATTGCACATACGGGGGCATCTGTAGATTTAACAATTTTCTCCTTGCACTTAGCGGGTGTTTCTTCTATTCTTGGAGCCATTAACTTTATTACAACCATCATTAATATACGAACACAAGGAATAATTTTAGAACGAATACCCCTCTTTGTATGGTCAGTAAAAATTACAGCAATCCTATTAC	6166646	CNPEM2384-14[C_LepFolF,C_LepFolR]_R.ab1	http://trace.boldsystems.org/traceIO/bold.org/8013273	2014-03-29 02:32:33	Biodiversity Institute of Ontario	R	C_LepFolR	COI-5P
CNPEO1072-14	BIOUG10904-C12	4232859	BIOUG10904-C12	GMP#01358	Centre for Biodiversity Genomics		BOLD:ABW0506	20	Arthropoda	63	Arachnida	24643	Opiliones	151797	Phalangiidae	361450	Phalangiinae	361453	Rilaena	361454	Rilaena triangularis			Monica R. Young	BIN Taxonomy Match			Vouchered:Registered Collection	Tissue		Paul Ayles				2 Malaise traps|late successional red maple stand	BIOUG:PEI-NP	Malaise Trap				Forest			Prince Edward Island NP		46.4123	-63.085	GPS, WGS84		6				Canada	Prince Edward Island	Prince Edward Island National Park	Woodland Trail / Long Point											6067574	COI-5P	KR101429	TACAATATATATAATTTTTGGTATATGAGCTGCAATAGTTGGAACTGCCCTAAGAATGCTAATTCGCACAGAACTAGGGCAACCCGGCTCCTTAATAAATGATGACCAAATTTATAATGTCATTGTAACAGCCCATGCTTTTGTAATAATTTTTTTCATAGTCATACCTATTATAATTGGAGGATTCGGTAACTGGCTAGTACCTTTAATATTAGGGGCCCCCGATATAGCTTTCCCACGCTTAAACAACATAAGATTTTGACTTTTACCCCCTTCATTTCTTTTATTATTATCCTCTGCTTTAGTAGAAAATGGGGCAGGGACAGGCTGGACCGTTTATCCTCCCCTATCTAGAAATATTGCACATACGGGGGCATCTGTAGATTTAACAATTTTCTCCTTGCACTTAGCGGGTGTTTCTTCTATTCTTGGAGCCATTAACTTTATTACAACCATCATTAATATACGAACACAAGGAATAATTTTAGAACGAATACCCCTCTTTGTATGGTCAGTAAAAATTACAGCAATCCTATTACTACTTTCTCTACCAGTCCTGGCAGGTGCCATCACTATACTACTAACAGATCGAAATTTTAATACCTCCTTCTTCGACCCAGCCGGAGGAGG--------	6037649	CNPEO1072-14[C_LepFolF,C_LepFolR]_R.ab1	http://trace.boldsystems.org/traceIO/bold.org/7884276	2014-02-28 04:22:55	Biodiversity Institute of Ontario	R	C_LepFolR	COI-5P
CNSLB460-12	BIOUG03997-C05	2972788	BIOUG03997-C05	GMP#00127	Centre for Biodiversity Genomics		BOLD:ABW0506	20	Arthropoda	63	Arachnida	24643	Opiliones	151797	Phalangiidae	361450	Phalangiinae	361453	Rilaena	361454	Rilaena triangularis			Robert G. Holmberg	Morphological			Vouchered:Registered Collection	Tissue		Parks Canada Staff				Sugar maple and white birch|sunny, temp range 5-25C	BIOUG:STLAW-NP	Malaise Trap	A	F	S	Forest			Thousand Islands NP		44.475	-75.865	GPS		117				Canada	Ontario	Thousand Islands National Park	Jones Creek by Mallorytown	County Road 5										4971475	COI-5P	KM827466	TACAATATATATAATTTTTGGTATATGAGCTGCAATAGTTGGAACTGCCCTAAGAATGCTAATTCGCACAGAACTAGGGCAACCCGGCTCCTTAATAAATGATGACCAAATTTATAATGTCATTGTAACAGCCCATGCTTTTGTAATAATTTTTTTCATAGTCATACCTATTATAATTGGAGGATTCGGTAACTGGCTAGTACCTTTAATATTAGGGGCCCCCGATATAGCTTTCCCACGCTTAAACAATATAAGATTTTGACTTTTACCCCCTTCATTTCTTTTATTATTATCCTCTGCTTTAGTAGAAAATGGGGCAGGGACAGGCTGGACCGTTTACCCTCCCCTATCTAGAAATATTGCACATACGGGGGCATCTGTAGATTTAACAATTTTCTCCTTGCACTTAGCGGGTGTTTCTTCTATTCTTGGAGCCATTAACTTTATTACAACCATCATTAATATACGAACACAAGGAATAATTTTAGAACGAATACCCCTCTTTGTATGGTCAGTAAAAATTACAGCAATCCTATTACTACTTTCTCTACCAGTCCTGGCAGGTGCCATCACTATACTACTAACAGATCGAAATTTTAATACCTCCTTCTTCGACCCAGCCGGAGGAGGTGACCC---------	4856267	CNSLB460-12[C_LepFolF,C_LepFolR]_R.ab1	http://trace.boldsystems.org/traceIO/bold.org/6703550	2013-01-18 12:44:23	Biodiversity Institute of Ontario	R	C_LepFolR	COI-5P
CNSLB461-12	BIOUG03997-C06	2972789	BIOUG03997-C06	GMP#00127	Centre for Biodiversity Genomics		BOLD:ABW0506	20	Arthropoda	63	Arachnida	24643	Opiliones	151797	Phalangiidae	361450	Phalangiinae	361453	Rilaena	361454	Rilaena triangularis			Robert G. Holmberg	Morphological			Vouchered:Registered Collection	Whole Voucher		Parks Canada Staff				Sugar maple and white birch|sunny, temp range 5-25C	BIOUG:STLAW-NP	Malaise Trap	A	M	S	Forest			Thousand Islands NP		44.475	-75.865	GPS		117				Canada	Ontario	Thousand Islands National Park	Jones Creek by Mallorytown	County Road 5										4971516	COI-5P	KM836571	TACAATATATATAATTTTTGGTATATGAGCTGCAATAGTTGGAACTGCCCTAAGAATGCTAATTCGCACAGAACTAGGGCAACCCGGCTCCTTAATAAATGATGACCAAATTTATAATGTCATTGTAACAGCCCATGCTTTTGTAATAATTTTTTTCATAGTCATACCTATTATAATTGGAGGATTCGGTAACTGGCTAGTACCTTTAATATTAGGGGCCCCCGATATAGCTTTCCCACGCTTAAACAATATAAGATTTTGACTTTTACCCCCTTCATTTCTTTTATTATTATCCTCTGCTTTAGTAGAAAATGGGGCAGGGACAGGCTGGACCGTTTACCCTCCCCTATCTAGAAATATTGCACATACGGGGGCATCTGTAGATTTAACAATTTTCTCCTTGCACTTAGCGGGTGTTTCTTCTATTCTTGGAGCCATTAACTTTATTACAACCATCATTAATATACGAACACAAGGAATAATTTTAGAACGAATACCCCTCTTTGTATGGTCAGTAAAAATTACAGCAATCCTATTACTACTTTCTCTACCAGTCCTGGCAGGTGCCATCACTATACTACTAACAGATCGAAATTTTAATACCTCCTTCTTCGACCCAGCCGGAGGAG----------------	4856268	CNSLB461-12[C_LepFolF,C_LepFolR]_R.ab1	http://trace.boldsystems.org/traceIO/bold.org/6703551	2013-01-18 12:44:23	Biodiversity Institute of Ontario	R	C_LepFolR	COI-5P
CNSLB462-12	BIOUG03997-C07	2972790	BIOUG03997-C07	GMP#00127	Centre for Biodiversity Genomics		BOLD:ABW0506	20	Arthropoda	63	Arachnida	24643	Opiliones	151797	Phalangiidae	361450	Phalangiinae	361453	Rilaena	361454	Rilaena triangularis			Robert G. Holmberg	Morphological			Vouchered:Registered Collection	Tissue		Parks Canada Staff				Sugar maple and white birch|sunny, temp range 5-25C	BIOUG:STLAW-NP	Malaise Trap	A	F	S	Forest			Thousand Islands NP		44.475	-75.865	GPS		117				Canada	Ontario	Thousand Islands National Park	Jones Creek by Mallorytown	County Road 5										4971517	COI-5P	KM828089	TACAATATATATAATTTTTGGTATATGAGCTGCAATAGTTGGAACTGCCCTAAGAATGCTAATTCGCACAGAACTAGGGCAACCCGGCTCCTTAATAAATGATGACCAAATTTATAATGTCATTGTAACAGCCCATGCTTTTGTAATAATTTTTTTCATAGTCATACCTATTATAATTGGAGGATTCGGTAACTGGCTAGTACCTTTAATATTAGGGGCCCCCGATATAGCTTTCCCACGCTTAAACAATATAAGATTTTGACTTTTACCCCCTTCATTTCTTTTATTATTATCCTCTGCTTTAGTAGAAAATGGGGCAGGGACAGGCTGGACCGTTTACCCTCCCCTATCTAGAAATATTGCACATACGGGGGCATCTGTAGATTTAACAATTTTCTCCTTGCACTTAGCGGGTGTTTCTTCTATTCTTGGAGCCATTAACTTTATTACAACCATCATTAATATACGAACACAAGGAATAATTTTAGAACGAATACCCCTCTTTGTATGGTCAGTAAAAATTACAGCAATCCTATTACTACTTTCTCTACCAGTCCTGGCAGGTGCCATCACTATACTACTAACAGATCGAAATTTTAATACCTCCTTCTTCGACCCAGCCGGAGGAGGTGACC----------	4856269	CNSLB462-12[C_LepFolF,C_LepFolR]_R.ab1	http://trace.boldsystems.org/traceIO/bold.org/6703552	2013-01-18 12:44:23	Biodiversity Institute of Ontario	R	C_LepFolR	COI-5P
CNSLB463-12	BIOUG03997-C08	2972791	BIOUG03997-C08	GMP#00127	Centre for Biodiversity Genomics		BOLD:ABW0506	20	Arthropoda	63	Arachnida	24643	Opiliones	151797	Phalangiidae	361450	Phalangiinae	361453	Rilaena	361454	Rilaena triangularis			Robert G. Holmberg	Morphological			Vouchered:Registered Collection	Tissue		Parks Canada Staff				Sugar maple and white birch|sunny, temp range 5-25C	BIOUG:STLAW-NP	Malaise Trap	A	F	S	Forest			Thousand Islands NP		44.475	-75.865	GPS		117				Canada	Ontario	Thousand Islands National Park	Jones Creek by Mallorytown	County Road 5										4971473	COI-5P	KM824772	TACAATATATATAATTTTTGGTATATGAGCTGCAATAGTTGGAACTGCCCTAAGAATGCTAATTCGCACAGAACTAGGGCAACCCGGCTCCTTAATAAATGATGACCAAATTTATAATGTCATTGTAACAGCCCATGCTTTTGTAATAATTTTTTTCATAGTCATACCTATTATAATTGGAGGATTCGGTAACTGGCTAGTACCTTTAATATTAGGGGCCCCCGATATAGCTTTCCCACGCTTAAACAATATAAGATTTTGACTTTTACCCCCTTCATTTCTTTTATTATTATCCTCTGCTTTAGTAGAAAATGGGGCAGGGACAGGCTGGACCGTTTACCCTCCCCTATCTAGAAATATTGCACATACGGGGGCATCTGTAGATTTAACAATTTTCTCCTTGCACTTAGCGGGTGTTTCTTCTATTCTTGGAGCCATTAACTTTATTACAACCATCATTAATATACGAACACAAGGAATAATTTTAGAACGAATACCCCTCTTTGTATGGTCAGTAAAAATTACAGCAATCCTATTACTACTTTCTCTACCAGTCCTGGCAGGTGCCATCACTATACTACTAACAGATCGAAATTTTAATACCTCCTTCTTCGACCCAGCCGGAGGAGGTGACCCC--------	4856270	CNSLB463-12[C_LepFolF,C_LepFolR]_R.ab1	http://trace.boldsystems.org/traceIO/bold.org/6703553	2013-01-18 12:44:23	Biodiversity Institute of Ontario	R	C_LepFolR	COI-5P
CNSLB464-12	BIOUG03997-C09	2972792	BIOUG03997-C09	GMP#00127	Centre for Biodiversity Genomics		BOLD:ABW0506	20	Arthropoda	63	Arachnida	24643	Opiliones	151797	Phalangiidae	361450	Phalangiinae	361453	Rilaena	361454	Rilaena triangularis			Robert G. Holmberg	Morphological			Vouchered:Registered Collection	Tissue		Parks Canada Staff				Sugar maple and white birch|sunny, temp range 5-25C	BIOUG:STLAW-NP	Malaise Trap	A	F	S	Forest			Thousand Islands NP		44.475	-75.865	GPS		117				Canada	Ontario	Thousand Islands National Park	Jones Creek by Mallorytown	County Road 5										4971466	COI-5P	KM834869	TACAATATATATAATTTTTGGTATATGAGCTGCAATAGTTGGAACTGCCCTAAGAATGCTAATTCGCACAGAACTAGGGCAACCCGGCTCCTTAATAAATGATGACCAAATTTATAATGTCATTGTAACAGCCCATGCTTTTGTAATAATTTTTTTCATAGTCATACCTATTATAATTGGAGGATTCGGTAACTGGCTAGTACCTTTAATATTAGGGGCCCCCGATATAGCTTTCCCACGCTTAAACAATATAAGATTTTGACTTTTACCCCCTTCATTTCTTTTATTATTATCCTCTGCTTTAGTAGAAAATGGGGCAGGGACAGGCTGGACCGTTTACCCTCCCCTATCTAGAAATATTGCACATACGGGGGCATCTGTAGATTTAACAATTTTCTCCTTGCACTTAGCGGGTGTTTCTTCTATTCTTGGAGCCATTAACTTTATTACAACCATCATTAATATACGAACACAAGGAATAATTTTAGAACGAATACCCCTCTTTGTATGGTCAGTAAAAATTACAGCAATCCTATTACTACTTTCTCTACCAGTCCTGGCAGGTGCCATCACTATACTACTAACAGATCGAAATTTTAATACCTCCTTCTTCGACCCAGCCGGAGGAGGTGACCCC--------	4856271	CNSLB464-12[C_LepFolF,C_LepFolR]_R.ab1	http://trace.boldsystems.org/traceIO/bold.org/6703554	2013-01-18 12:44:23	Biodiversity Institute of Ontario	R	C_LepFolR	COI-5P
CNSLB466-12	BIOUG03997-C11	2972794	BIOUG03997-C11	GMP#00127	Centre for Biodiversity Genomics		BOLD:ABW0506	20	Arthropoda	63	Arachnida	24643	Opiliones	151797	Phalangiidae	361450	Phalangiinae	361453	Rilaena	361454	Rilaena triangularis			Monica R. Young	BIN Taxonomy Match			Vouchered:Registered Collection	Tissue		Parks Canada Staff				Sugar maple and white birch|sunny, temp range 5-25C	BIOUG:STLAW-NP	Malaise Trap			S	Forest			Thousand Islands NP		44.475	-75.865	GPS		117				Canada	Ontario	Thousand Islands National Park	Jones Creek by Mallorytown	County Road 5										4971518	COI-5P	KM824836	TACAATATATATAATTTTTGGTATATGAGCTGCAATAGTTGGAACTGCCCTAAGAATGCTAATTCGCACAGAACTAGGGCAACCCGGCTCCTTAATAAATGATGACCAAATTTATAATGTCATTGTAACAGCCCATGCTTTTGTAATAATTTTTTTCATAGTCATACCTATTATAATTGGAGGATTCGGTAACTGGCTAGTACCTTTAATATTAGGGGCCCCCGATATAGCTTTCCCACGCTTAAACAATATAAGATTTTGACTTTTACCCCCTTCATTTCTTTTATTATTATCCTCTGCTTTAGTAGAAAATGGGGCAGGGACAGGCTGGACCGTTTACCCTCCCCTATCTAGAAATATTGCACATACGGGGGCATCTGTAGATTTAACAATTTTCTCCTTGCACTTAGCGGGTGTTTCTTCTATTCTTGGAGCCATTAACTTTATTACAACCATCATTAATATACGAACACAAGGAATAATTTTAGAACGAATACCCCTCTTTGTATGGTCAGTAAAAATTACAGCAATCCTATTACTACTTTCTCTACCAGTCCTGGCAGGTGCCATCACTATACTACTAACAGATCGAAATTTTAATACCTCCTTCTTCGACCCAGCCGGAGGAGGTGACCC---------	4856273	CNSLB466-12[C_LepFolF,C_LepFolR]_R.ab1	http://trace.boldsystems.org/traceIO/bold.org/6703556	2013-01-18 12:44:23	Biodiversity Institute of Ontario	R	C_LepFolR	COI-5P
CNSLD644-12	BIOUG03997-D10	2968037	BIOUG03997-D10	GMP#00131	Centre for Biodiversity Genomics		BOLD:ADH9176	20	Arthropoda	63	Arachnida	24643	Opiliones	151797	Phalangiidae	361450	Phalangiinae	361453	Rilaena	361454	Rilaena triangularis			Monica R. Young	BIN Taxonomy Match			Vouchered:Registered Collection	Tissue		Parks Canada Staff				Sugar maple and white birch|heavy rain early in week, mild and sunny for rest of week	BIOUG:STLAW-NP	Malaise Trap			S	Forest			Thousand Islands NP		44.475	-75.865	GPS		117				Canada	Ontario	Thousand Islands National Park	Jones Creek by Mallorytown	County Road 5										4971449	COI-5P	KM834213	TACAATATATATAATTTTTGGTANATGAGCTGCAATAGTTGGAACTGCTCTAAGAATGATAATTNGCACAGAACTNGGGCAACCCGGCTCCTTAATAAATGATGACCAAATTTATAATGTCATTGTAACAGCCCATGCTTTTGTAATAATTTTTTTTATAGTCATACCTATTATAATTGGAGGATTTGGCAACTGGCTAGTACCTTTAATATTAGGGGCCCCCGATATAGCTTTCCCACGCTTAAACAACATAAGATTTTGACTTTTACCCCCTTCATTTCTTTTATTACTATCCTCTGCTTTAGTAGAAAATGGAGCAGGGACAGGCTGGACAGTTTATCCCCCCTTATCTAGAAATATTGCACATACGGGAGCATCTGTAGATTTAACAATTTTCTCCTTGCACTTAGCGGGTGTTTCTTCTATCCTTGGAGCCATTAACTTTATTACAACCATCATTAATATACGAACACAAGGAATAATTTTAGAACGAATACCCCTCTTTGTATGATCAGTAAAAATTACAGCAATNCTATTACTACTTTCTCTACCAGTCCTTGCAGGTGCCATTACTATACTACTAACAGATCGAAATTTTAATACCTCCTTCTTCGACCCAGCCGGAGGAGGTGA------------	4856284	CNSLD644-12[C_LepFolF,C_LepFolR]_R.ab1	http://trace.boldsystems.org/traceIO/bold.org/6703545	2013-01-18 12:44:23	Biodiversity Institute of Ontario	R	C_LepFolR	COI-5P
CNSLL002-13	BIOUG03760-F09	3451947	BIOUG03760-F09	GMP#00126	Centre for Biodiversity Genomics		BOLD:ADI0704	20	Arthropoda	63	Arachnida	24643	Opiliones	151797	Phalangiidae	361450	Phalangiinae	361453	Rilaena	361454	Rilaena triangularis			Monica R. Young	BIN Taxonomy Match			Vouchered:Registered Collection	Tissue		Parks Canada Staff				Sugar maple and white birch|3 days rain, mild temperatures	BIOUG:STLAW-NP	Malaise Trap	A		S	Forest			Thousand Islands NP		44.475	-75.865	GPS		117				Canada	Ontario	Thousand Islands National Park	Jones Creek by Mallorytown	County Road 5										5413333	COI-5P	KM833344	TACAATATATATAATTTTTGGTATATGAGCTGCAATAGTTGGAACTGCCCTAAGAATGTTAATTTGCACAGAACTAGGGCAACCCGGCTCCTTAATAAATGATGACCAAATTTATAATGTCATTGTAACAGCCCATGCTTTTGTAATAATTTTTTTTATAGTCATACCTATTATAATTGGAGGATTTGGCAACTGGCTAGTACCTTTAATATTAGGGGCCCCCGATATAGCTTTCCCACGCTTAAACAACATAAGATTTTGACTTTTACCCCCTTCATTTCTTTTACTACTATCCTCTGCTTTAGTAGAAAATGGGGCAGGGACAGGCTGGACAGTTTATCCCCCCCTATCTAGAAATATTGCACATACGGGAGCATCTGTAGATTTAACAATTTTCTCCTTACACTTAGCGGGTGTTTCTTCTATCCTTGGAGCCATTAACTTTATTACAACTATCATTAATATACGAACACAAGGAATAATTTTAGAACGAATACCCCTCTTTGTATGATCAGTAAAAATTACAGCAATCCTATTACTACTTTCTCTACCAGTCTTGGCAGGGGCCATTACTATACTACTAACAGATCGAAATTTTAATACCTC--------------	5325698	CNSLL002-13[C_LepFolF,C_LepFolR]_R.ab1	http://trace.boldsystems.org/traceIO/bold.org/7172304	2013-08-08 21:57:39	Biodiversity Institute of Ontario	R	C_LepFolR	COI-5P
CNSLL005-13	BIOUG03760-F12	3451950	BIOUG03760-F12	GMP#00126	Centre for Biodiversity Genomics		BOLD:ABW0506	20	Arthropoda	63	Arachnida	24643	Opiliones	151797	Phalangiidae	361450	Phalangiinae	361453	Rilaena	361454	Rilaena triangularis			Monica R. Young	BIN Taxonomy Match			Vouchered:Registered Collection	Tissue		Parks Canada Staff				Sugar maple and white birch|3 days rain, mild temperatures	BIOUG:STLAW-NP	Malaise Trap	A		S	Forest			Thousand Islands NP		44.475	-75.865	GPS		117				Canada	Ontario	Thousand Islands National Park	Jones Creek by Mallorytown	County Road 5										5360722	COI-5P	KM830950	TACAATATATATAATTTTTGGTATATGAGCTGCAATAGTTGGAACTGCCCTAAGAATGCTAATTCGCACAGAACTAGGGCAACCCGGCTCCTTAATAAATGATGACCAAATTTATAATGTCATTGTAACAGCCCATGCTTTTGTAATAATTTTTTTCATAGTCATACCTATTATAATTGGAGGATTCGGTAACTGGCTAGTACCTTTAATATTAGGGGCCCCCGATATAGCTTTCCCACGCTTAAACAATATAAGATTTTGACTTTTACCCCCTTCATTTCTTTTATTATTATCCTCTGCTTTAGTAGAAAATGGGGCAGGGACAGGCTGGACCGTTTACCCTCCCCTATCTAGAAATATTGCACATACGGGGGCATCTGTAGATTTAACAATTTTCTCCTTGCACTTAGCGGGTGTTTCTTCTATTCTTGGAGCCATTAACTTTATTACAACCATCATTAATATACGAACACAAGGAATAATTTTAGAACGAATACCCCTCTTTGTATGGTCAGTAAAAATTACAGCAATCCTATTACTACTTTCTCTACCAGTCCTGGCAGGTGCCATCACTATACTACTAACAGATCGAAATTTTAATACCTCCTTCTTCGACCCAGCCGGAGGAGGTGACCCC---------------------	5325701	CNSLL005-13[C_LepFolF,C_LepFolR]_R.ab1	http://trace.boldsystems.org/traceIO/bold.org/7172307	2013-08-08 21:57:39	Biodiversity Institute of Ontario	R	C_LepFolR	COI-5P
CNSLL007-13	BIOUG03760-G02	3451952	BIOUG03760-G02	GMP#00126	Centre for Biodiversity Genomics		BOLD:ABW0506	20	Arthropoda	63	Arachnida	24643	Opiliones	151797	Phalangiidae	361450	Phalangiinae	361453	Rilaena	361454	Rilaena triangularis			Monica R. Young	BIN Taxonomy Match			Vouchered:Registered Collection	Tissue		Parks Canada Staff				Sugar maple and white birch|3 days rain, mild temperatures	BIOUG:STLAW-NP	Malaise Trap	A		S	Forest			Thousand Islands NP		44.475	-75.865	GPS		117				Canada	Ontario	Thousand Islands National Park	Jones Creek by Mallorytown	County Road 5										5361060	COI-5P	KM838499	TACAATATATATAATTTTTGGTATATGAGCTGCAATAGTTGGAACTGCCCTAAGAATGCTAATTCGCACAGAACTAGGGCAACCCGGCTCCTTAATAAATGATGACCAAATTTATAATGTCATTGTAACAGCCCATGCTTTTGTAATAATTTTTTTCATAGTCATACCTATTATAATTGGAGGATTCGGTAACTGGCTAGTACCTTTAATATTAGGGGCCCCCGATATAGCTTTCCCACGCTTAAACAATATAAGATTTTGACTTTTACCCCCTTCATTTCTTTTATTATTATCCTCTGCTTTAGTAGAAAATGGGGCAGGGACAGGCTGGACCGTTTACCCTCCCCTATCTAGAAATATTGCACATACGGGGGCATCTGTAGATTTAACAATTTTCTCCTTGCACTTAGCGGGTGTTTCTTCTATTCTTGGAGCCATTAACTTTATTACAACCATCATTAATATACGAACACAAGGAATAATTTTAGAACGAATACCCCTCTTTGTATGGTCAGTAAAAATTACAGCAATCCTATTACTACTTTCTCTACCAGTCCTGGCAGGTGCCATCACTATACTACTAACAGATCGAAATTTTAATACCTCCTTCTTCG--------------------------------------------	5325703	CNSLL007-13[C_LepFolF,C_LepFolR]_R.ab1	http://trace.boldsystems.org/traceIO/bold.org/7172309	2013-08-08 21:57:39	Biodiversity Institute of Ontario	R	C_LepFolR	COI-5P
CNSLM002-13	BIOUG03760-G12	3472080	BIOUG03760-G12	GMP#00128	Centre for Biodiversity Genomics		BOLD:ABW0506	20	Arthropoda	63	Arachnida	24643	Opiliones	151797	Phalangiidae	361450	Phalangiinae	361453	Rilaena	361454	Rilaena triangularis			Monica R. Young	BIN Taxonomy Match			Vouchered:Registered Collection	Tissue		Parks Canada Staff				Sugar maple and white birch|hot, sunny week	BIOUG:STLAW-NP	Malaise Trap	A		S	Forest			Thousand Islands NP		44.475	-75.865	GPS		117				Canada	Ontario	Thousand Islands National Park	Jones Creek by Mallorytown	County Road 5										5361349	COI-5P	KM827989	TACAATATATATAATTTTTGGTATATGAGCTGCAATAGTTGGAACTGCCCTAAGAATGCTAATTCGCACAGAACTAGGGCAACCCGGCTCCTTAATAAATGATGACCAAATTTATAATGTCATTGTAACAGCCCATGCTTTTGTAATAATTTTTTTCATAGTCATACCTATTATAATTGGAGGATTCGGTAACTGGCTAGTACCTTTAATATTAGGGGCCCCCGATATAGCTTTCCCACGCTTAAACAATATAAGATTTTGACTTTTACCCCCTTCATTTCTTTTATTATTATCCTCTGCTTTAGTAGAAAATGGGGCAGGGACAGGCTGGACCGTTTACCCTCCCCTATCTAGAAATATTGCACATACGGGGGCATCTGTAGATTTAACAATTTTCTCCTTGCACTTAGCGGGTGTTTCTTCTATTCTTGGAGCCATTAACTTTATTACAACCATCATTAATATACGAACACAAGGAATAATTTTAGAACGAATACCCCTCTTTGTATGGTCAGTAAAAATTACAGCAATCCTATTACTACTTTCTCTACCAGTCCTGGCAGGTGCCATCACTATACTACTAACAGATCGAAATTTTAATACCTCCTTCTTCGACCCAGCCGGAGGAGGTGACCCCATCT-----------------	5325713	CNSLM002-13[C_LepFolF,C_LepFolR]_R.ab1	http://trace.boldsystems.org/traceIO/bold.org/7172319	2013-08-08 21:57:39	Biodiversity Institute of Ontario	R	C_LepFolR	COI-5P
GBBSP1274-15	ZFMK-TIS-2504851	6363158	ZFMK-TIS-2504851		Zoologisches Forschungsmuseum Alexander Koenig		BOLD:ABW0506	20	Arthropoda	63	Arachnida	24643	Opiliones	151797	Phalangiidae	361450	Phalangiinae	361453	Rilaena	361454	Rilaena triangularis			Christoph Muster					2 legs		GBOL-Team ZFMK						Handfang	adult	M		Trockenwald				http://id.zfmk.de/collection_ZFMK/2504851/721378/75833	51.17	8.96	Google Earth	1000	249				Germany	Hesse	Edersee		Edersee: Asel Sued-Huenselburg										7876070	COI-5P	KY269421	TACAATATATATAATTTTTGGTATATGAGCTGCAATAGTTGGAACTGCCCTAAGAATGCTAATTCGCACAGAACTAGGGCAACCCGGCTCCTTAATAAATGATGACCAAATTTATAATGTCATTGTAACAGCCCATGCTTTTGTAATAATTTTTTTCATAGTCATACCTATTATAATTGGAGGATTCGGTAACTGGCTAGTACCTTTAATATTAGGGGCCCCCGATATAGCTTTCCCACGCTTAAACAACATAAGATTTTGACTTTTACCCCCTTCATTTCTTTTATTATTATCCTCTGCTTTAGTAGAAAATGGGGCAGGGACAGGCTGGACCGTTTATCCTCCCCTATCTAGAAATATTGCACATACGGGGGCATCTGTAGATTTAACAATTTTCTCCTTGCACTTAGCGGGTGTTTCTTCTATTCTTGGAGCCATTAACTTTATTACAACCATCATTAATATACGAACACAAGGAATAATTTTAGAACGAATACCCCTCTTTGTATGGTCAGTAAAAATTACAGCAATCCTATTACTACTTTCTCTACCAGTCCTGGCAGGTGCCATCACTATACTACTAACAGATCGAAATTTTAATACCTCCTTCTTCGACCCAGCCGGAGGAGGTGACCCCATCTTATACCAACATCTATTT	9414030|9414031	ZFMK-TIS-2504851__HCO2198-JJ_A63544_G09_1409004771G.ab1|ZFMK-TIS-2504851__LCO1490-JJ_A63544_G09_1409004771G.ab1	http://trace.boldsystems.org/traceIO/bold.org/11232779|http://trace.boldsystems.org/traceIO/bold.org/11232780	2014-09-18 17:01:26|2014-09-18 13:05:54	Macrogen Inc., Korea|Macrogen Inc., Korea	r|f	HCO2198-JJ|LCO1490-JJ	COI-5P|COI-5P
GBBSP136-15	ZFMK-TIS-18431	6362020	ZFMK-TIS-18431		Zoologisches Forschungsmuseum Alexander Koenig		BOLD:ABW0506	20	Arthropoda	63	Arachnida	24643	Opiliones	151797	Phalangiidae	361450	Phalangiinae	361453	Rilaena	361454	Rilaena triangularis			Christoph Muster					1 leg		GBOL-Team ZFMK						Handfang	adult	F		Garten				http://id.zfmk.de/collection_ZFMK/18431/723503/78997	54.34	13.42	GPS	50	8				Germany	Mecklenburg-Vorpommern	Ruegen		Neukamp 29										7875363	COI-5P	KY270062	TACAATATATATAATTTTTGGTATATGAGCTGCAATAGTTGGAACTGCCCTAAGAATGCTAATTCGCACAGAACTAGGGCAACCCGGCTCCTTAATAAATGATGACCAAATTTATAATGTCATTGTAACAGCCCATGCTTTTGTAATAATTTTTTTCATAGTCATACCTATTATAATTGGAGGATTCGGTAACTGGCTAGTACCTTTAATATTAGGGGCCCCCGATATAGCTTTCCCACGCTTAAACAACATAAGATTTTGACTTTTACCCCCTTCATTTCTTTTATTATTATCCTCTGCTTTAGTAGAAAATGGGGCAGGGACAGGCTGGACCGTTTATCCTCCCCTATCTAGAAATATTGCACATATGGGGGCATCTGTAGATTTAACAATTTTCTCCTTGCACTTAGCGGGTGTTTCTTCTATTCTTGGAGCCATTAACTTTATTACAACCATCATTAATATACGAACACAAGGAATAATTTTAGAACGAATACCCCTCTTTGTATGGTCAGTAAAAATTACAGCAATCCTATTACTACTTTCTCTACCAGTCCTGGCAGGTGCCATCACTATACTACTAACAGATCGAAATTTTAATACCTCCTTCTTCGACCCAGCCGGAGGAGGTGACCCCATCTTATACCAACATCTATTT	9411412|9411413	ZFMK-TIS-18431__HCO2198-JJ_A63544_D03_1409012420G.ab1|ZFMK-TIS-18431__LCO1490-JJ_A63544_D03_1409012420G.ab1	http://trace.boldsystems.org/traceIO/bold.org/11230161|http://trace.boldsystems.org/traceIO/bold.org/11230162	2014-10-02 16:49:33|2014-10-02 12:54:00	Macrogen Inc., Korea|Macrogen Inc., Korea	r|f	HCO2198-JJ|LCO1490-JJ	COI-5P|COI-5P
GBBSP1384-15	ZFMK-TIS-2504992	6363268	ZFMK-TIS-2504992		Zoologisches Forschungsmuseum Alexander Koenig		BOLD:ABW0506	20	Arthropoda	63	Arachnida	24643	Opiliones	151797	Phalangiidae	361450	Phalangiinae	361453	Rilaena	361454	Rilaena triangularis			Christoph Muster							GBOL-Team ZFMK						Handfang	adult	F		Regenmoor-Reliktfläche				http://id.zfmk.de/collection_ZFMK/2504992/838471/132932	53.71	8.8	GPS	200	11				Germany	Lower Saxony	Lower Saxony		Suederleda/Ahlenmoor										7876180	COI-5P	KY269308	TACAATATATATAATTTTTGGTATATGAGCTGCAATAGTTGGAACTGCCCTAAGAATGCTAATTCGCACAGAACTAGGGCAACCCGGCTCCTTAATAAATGATGACCAAATTTATAATGTCATTGTAACAGCCCATGCTTTTGTAATAATTTTTTTCATAGTCATACCTATTATAATTGGAGGATTCGGTAACTGGCTAGTACCTTTAATATTAGGGGCCCCCGATATAGCTTTCCCACGCTTAAACAACATAAGATTTTGACTTTTACCCCCTTCATTTCTTTTATTATTATCCTCTGCTTTAGTAGAAAATGGGGCAGGGACAGGCTGGACCATTTATCCTCCCCTATCTAGAAATATTGCACATACGGGGGCATCTGTAGATTTAACAATTTTCTCCTTGCACTTAGCGGGTGTTTCTTCTATTCTTGGAGCCATTAACTTTATTACAACCATCATTAATATACGAACACAAGGAATAATTTTAGAACGAATACCCCTCTTTGTATGGTCAGTAAAAATTACAGCAATCCTATTACTACTTTCTCTACCAGTCCTGGCAGGTGCCATCACTATACTACTAACAGATCGAAATTTTAATACCTCCTTCTTCGACCCAGCCGGAGGAGGTGACCCCATCTTATACCAACATCTATTT	9414248|9414249	ZFMK-TIS-2504992__HCO2198-JJ_A63544_E04_1408015729G.ab1|ZFMK-TIS-2504992__LCO1490-JJ_A63544_E04_1408015729G.ab1	http://trace.boldsystems.org/traceIO/bold.org/11232997|http://trace.boldsystems.org/traceIO/bold.org/11232998	2014-08-27 19:49:08|2014-08-27 15:53:42	Macrogen Inc., Korea|Macrogen Inc., Korea	r|f	HCO2198-JJ|LCO1490-JJ	COI-5P|COI-5P
GBBSP1812-15	ZFMK-TIS-2531600	6363696	ZFMK-TIS-2531600		Zoologisches Forschungsmuseum Alexander Koenig		BOLD:ABW0506	20	Arthropoda	63	Arachnida	24643	Opiliones	151797	Phalangiidae	361450	Phalangiinae	361453	Rilaena	361454	Rilaena triangularis			Lars Friman							GBOL-Team ZFMK						Handfang		M					subadult	http://id.zfmk.de/collection_ZFMK/2531600/838015/132335	53.4	12.87	GPS		74				Germany	Mecklenburg-Vorpommern	Nationalpark Mueritz		Windwurfflaeche										7876628	COI-5P	KY270143	TACAATATATATAATTTTTGGTATATGAGCTGCAATAGTTGGAACTGCCCTAAGAATGCTAATTCGCACAGAACTAGGGCAACCCGGCTCCTTAATAAATGATGACCAAATTTATAATGTCATTGTAACAGCCCATGCTTTTGTAATAATTTTTTTCATAGTCATACCTATTATAATTGGAGGATTCGGTAACTGGCTAGTACCTTTAATATTAGGGGCTCCCGATATAGCTTTCCCACGCTTAAACAACATAAGATTTTGACTTTTACCCCCTTCATTTCTTTTATTATTATCCTCTGCTTTAGTAGAAAATGGGGCAGGGACAGGCTGGACCGTTTATCCTCCCCTATCTAGAAATATTGCACATACGGGGGCATCTGTAGATTTAACAATTTTCTCCCTGCACTTAGCGGGTGTTTCTTCTATTCTTGGAGCCATTAACTTTATTACAACCATCATTAATATACGAACACAAGGAATAATTTTAGAACGAATACCCCTTTTTGTATGGTCAGTAAAAATTACAGCAATCCTATTACTACTTTCTCTACCAGTCCTGGCAGGTGCCATCACTATACTACTAACAGATCGAAATTTTAATACCTCCTTCTTCGACCCAGCCGGAGGAGGTGACCCCATCTTATACCAACATCTATTT	9415104|9415105	ZFMK-TIS-2531600__HCO2198-JJ_A63544_C11_1410003083G.ab1|ZFMK-TIS-2531600__LCO1490-JJ_A63544_C11_1410003083G.ab1	http://trace.boldsystems.org/traceIO/bold.org/11233853|http://trace.boldsystems.org/traceIO/bold.org/11233854	2014-10-25 21:38:52|2014-10-25 15:45:55	Macrogen Inc., Korea|Macrogen Inc., Korea	r|f	HCO2198-JJ|LCO1490-JJ	COI-5P|COI-5P
GBMNB48483-20	MN049978	11641725	RA8		Mined from GenBank, NCBI			20	Arthropoda	63	Arachnida	24643	Opiliones	151797	Phalangiidae	361450	Phalangiinae	361453	Rilaena																																			Turkey														13032409	COI-5P	MN049978	TGAACTTGGTCAGCCAGGATCTCTAATAAATGATGACCAAATTTATAATGTAATTGTAACAGCCCATGCTTTTGTAATAATTTTTTTTATAGTTATACCTATTATAATTGGAGGATTTGGAAACTGACTTGTACCTTTAATATTAGGGGCCCCCGATATAGCTTTTCCTCGCTTAAACAACATAAGATTTTGACTTTTACCCCCTTCTTTTCTTTTACTTTTATCTTCTACTTTAGTAGAAAATGGAGCAGGAACAGGGTGAACAGTTTACCCCCCTTTATCAAGAAATATTGCACATACAGGGGCTTCTGTAGATTTAACAATTTTTTCTTTACATTTAGCAGGTGTTTCCTCTATTTTAGGAGCCATTAATTTTATTACAACCATTATTAATATACGAACACAAGGAATAATTTTTGAACGAATACC								
OPPHC083-17	BIOUG35164-E08	8227889	BIOUG35164-E08	GMP#03669	Centre for Biodiversity Genomics		BOLD:ABW0506	20	Arthropoda	63	Arachnida	24643	Opiliones	151797	Phalangiidae	361450	Phalangiinae	361453	Rilaena	361454	Rilaena triangularis			Kate Perez	BIN Taxonomy Match (Dec 2017)			Vouchered:Registered Collection	Tissue		CBG Collections Staff					BIOUG:BONECHO-PP	Malaise trap				Forest			SEQUELBIN-794|Bon Echo PP - Site 1|Read:6		44.8941	-77.1969	GPS		278				Canada	Ontario	Cloyne	Bon Echo Provincial Park	Site 1										9548653	COI-5P		TACAATATATATAATTTTTGGTATATGAGCTGCAATAGTTGGAACTGCCCTAAGAATGCTAATTCGCACAGAACTAGGGCAACCCGGCTCCTTAATAAATGATGACCAAATTTATAATGTCATTGTAACAGCCCATGCTTTTGTAATAATTTTTTTCATAGTCATACCTATTATAATTGGAGGATTCGGTAACTGGCTAGTACCTTTAATATTAGGGGCCCCCGATATAGCTTTCCCACGCTTAAACAACATAAGATTTTGACTTTTACCCCCTTCATTTCTTTTATTATTATCCTCTGCTTTAGTAGAAAATGGGGCAGGGACAGGCTGGACCGTTTATCCTCCCCTATCTAGAAATATTGCACATACGGGGGCATCTGTAGATTTAACAATTTTCTCCTTGCACTTAGCGGGTGTTTCTTCTATTCTTGGAGCCATTAACTTTATTACAACCATCATTAATATACGAACACAAGGAATAATTTTAGAACGAATACCCCTCTTTGTATGGTCAGTAAAAATTACAGCAATCCTATTACTACTTTCTCTACCAGTCCTGGCAGGTGCCATCACTATACTACTAACAGATCGAAATTTTAATACCTCCTTCTTCGACCCAGCCGGAGGAGGTGACCCCATCTTATACCAACATCTATTT								
OPPKA021-17	BIOUG32817-G11	7727452	BIOUG32817-G11	GMP#03707	Centre for Biodiversity Genomics		BOLD:ABW0506	20	Arthropoda	63	Arachnida	24643	Opiliones	151797	Phalangiidae	361450	Phalangiinae	361453	Rilaena	361454	Rilaena triangularis			Kate Perez	BIN Taxonomy Match (Aug 2017)			Vouchered:Registered Collection	Tissue		CBG Collections Staff				By creek	BIOUG:CHARLESTONLAKE-PP	Malaise trap				Forest			SEQUELBIN-794|Charleston Lake PP|Reads:3		44.498	-76.0414			93				Canada	Ontario	Lansdowne	Charleston Lake Provincial Park											9356205	COI-5P		TACAATATATATAATTTTTGGTATATGAGCTGCAATAGTTGGAACTGCCCTAAGAATGCTAATTCGCACAGAACTAGGGCAACCCGGCTCCTTAATAAATGATGACCAAATTTATAATGTCATTGTAACAGCCCATGCTTTTGTAATAATTTTTTTCATAGTCATACCTATTATAATTGGAGGATTCGGTAACTGGCTAGTACCTTTAATATTAGGGGCCCCCGATATAGCTTTCCCACGCTTAAACAATATAAGATTTTGACTTTTACCCCCTTCATTTCTTTTATTATTATCCTCTGCTTTAGTAGAAAATGGGGCAGGGACAGGCTGGACCGTTTACCCTCCCCTATCTAGAAATATTGCACATACGGGGGCATCTGTAGATTTAACAATTTTCTCCTTGCACTTAGCGGGTGTTTCTTCTATTCTTGGAGCCATTAACTTTATTACAACCATCATTAATATACGAACACAAGGAATAATTTTAGAACGAATACCCCTCTTTGTATGGTCAGTAAAAATTACAGCAATCCTATTACTACTTTCTCTACCAGTCCTGGCAGGTGCCATCACTATACTACTAACAGATCGAAATTTTAATACCTCCTTCTTTGACCCAGCCGGAGGAGGTGACCCCATCTTATACCAACATCTATTT								
OPPKC156-17	BIOUG32883-H10	7749937	BIOUG32883-H10	GMP#03709	Centre for Biodiversity Genomics		BOLD:ADI1206	20	Arthropoda	63	Arachnida	24643	Opiliones	151797	Phalangiidae	361450	Phalangiinae	361453	Rilaena					Kate Perez	BIN Taxonomy Match (Mar 2018)			Vouchered:Registered Collection	Tissue		CBG Collections Staff				By creek	BIOUG:CHARLESTONLAKE-PP	Malaise trap				Forest			Charleston Lake PP|Reads:3		44.498	-76.0414			93				Canada	Ontario	Lansdowne	Charleston Lake Provincial Park											9356374	COI-5P		TACAATATATATAATTTTTGGTATATGAGCTGCAATAGTGGGAACCGCCCTAAGAATACTAATTCGCACAGAACTAGGACAACCCGGCTCCTTAATAAATGATGACCAAATTTATAATGTCATTGTAACAGCCCATGCTTTTGTAATAATTTTCTTTATAGTCATACCAATTATAATTGGAGGATTCGGCAACTGGCTAGTACCTTTAATATTAGGGGCCCCCGATATAGCTTTCCCACGCTTAAACAACATAAGATTTTGACTATTACCCCCTTCATTTATTTTACTACTATCCTCTGCTTTAGTAGAAAATGGGGCAGGAACAGGCTGGACAGTTTACCCCCCATTATCTAGAAATATTGCACATACAGGAGCATCTGTAGATTTAACAATTTTCTCCTTACACTTAGCAGGTGTCTCTTCTATCCTTGGAGACATTAACTTTATTACAACCATCATTAACATACGAACACAAGGAATAATTTTAGAACGAATACCCCACTTTGTATGATCAGTAAAAATTACAGCAATCCTATTACTACTTTCTCTACCAGTCCTGGCAGAGGCCATTACCATACTACTAACAGATCGAAATTTTAATACCTCTTTCTTCGACCCAGCAGGAGGAGGTGACCCTATTTTATACCAACATCTATTT------								
OPPOA368-17	BIOUG32796-G11	7710420	BIOUG32796-G11	GMP#03739	Centre for Biodiversity Genomics		BOLD:ABW0506	20	Arthropoda	63	Arachnida	24643	Opiliones	151797	Phalangiidae	361450	Phalangiinae	361453	Rilaena	361454	Rilaena triangularis			Kate Perez	BIN Taxonomy Match (Aug 2017)			Vouchered:Registered Collection	Tissue		CBG Collections Staff				cedar, balsam fir, grassland combination	BIOUG:FERRIS-PP	Malaise trap				Mixed habitat			SEQUELBIN-794|Ferris PP|Reads:1		44.2829	-77.7963			131				Canada	Ontario	Warsaw	Ferris Provincial Park											9304749	COI-5P		TACAATATATATAATTTTTGGTATATGAGCTGCAATAGTTGGAACTGCCCTAAGAATGCTAATTCGCACAGAACTAGGGCAACCCGGCTCCTTAATAAATGATGACCAAATTTATAATGTCATTGTAACAGCCCATGCTTTTGTAATGATTTTTTTCATAGTCATACCTATTATAATTGGAGGATTCGGTAACTGGCTAGTACCTTTAATATTAGGGGCCCCCGATATAGCTTTCCCACGCTTAAACAACATAAGATTTTGACTTTTACCCCCTTCATTTCTTTTATTATTATCCTCTGCTTTAGTAGAAAATGGGGCAGGGACAGGCTGGACCGTTTATCCTCCCCTATCTAGAAATATTGCACATACGGGGGCATCTGTAGATTTAACAATTTTCTCCTTGCACTTAGCGGGTGTTTCTTCTATTCTTGGAGCCATTAACTTTATTACAACCATCATTAATATACGAACACAAGGAATAATTTTAGAACGAATACCCCTCTTTGTATGGTCAGTAAAAATTACAGCAATCCTATTACTACTTTCTCTACCAGTCCTGGCAGGTGCCATCACTATACTACTAACAGATCGAAATTTTAATACCTCCTTCTTCGACCCAGCCGGAGGAGGTGACCCCATCTTATACCAACATCTATT								
OPPOA372-17	BIOUG32796-H03	7710424	BIOUG32796-H03	GMP#03739	Centre for Biodiversity Genomics		BOLD:ABW0506	20	Arthropoda	63	Arachnida	24643	Opiliones	151797	Phalangiidae	361450	Phalangiinae	361453	Rilaena	361454	Rilaena triangularis			Kate Perez	BIN Taxonomy Match (Aug 2017)			Vouchered:Registered Collection	Tissue		CBG Collections Staff				cedar, balsam fir, grassland combination	BIOUG:FERRIS-PP	Malaise trap				Mixed habitat			SEQUELBIN-794|Ferris PP|Reads:8		44.2829	-77.7963			131				Canada	Ontario	Warsaw	Ferris Provincial Park											9304753	COI-5P		TACAATATATATAATTTTTGGTATATGAGCTGCAATAGTTGGAACTGCCCTAAGAATGCTAATTCGCACAGAACTAGGGCAACCCGGCTCCTTAATAAATGATGACCAAATTTATAATGTCATTGTAACAGCCCATGCTTTTGTAATAATTTTTTTCATAGTCATACCTATTATAATTGGAGGATTCGGTAACTGGCTAGTACCTTTAATATTAGGGGCCCCCGATATAGCTTTCCCACGCTTAAACAACATAAGATTTTGACTTTTACCCCCTTCATTTCTTTTATTATTATCCTCTGCTTTAGTAGAAAATGGGGCAGGGACAGGCTGGACCGTTTATCCTCCCCTATCTAGAAATATTGCACATACGGGGGCATCTGTAGATTTAACAATTTTCTCCTTGCACTTAGCGGGTGTTTCTTCTATTCTTGGAGCCATTAACTTTATTACAACCATCATTAATATACGAACACAAGGAATAATTTTAGAACGAATACCCCTCTTTGTATGGTCAGTAAAAATTACAGCAATCCTATTACTACTTTCTCTACCAGTCCTGGCAGGTGCCATCACTATACTACTAACAGATCGAAATTTTAATACCTCCTTCTTCGACCCAGCCGGAGGAGGTGACCCCATCTTATACCAACATCTATTT								
OPPOA374-17	BIOUG32796-H05	7710426	BIOUG32796-H05	GMP#03739	Centre for Biodiversity Genomics		BOLD:ABW0506	20	Arthropoda	63	Arachnida	24643	Opiliones	151797	Phalangiidae	361450	Phalangiinae	361453	Rilaena	361454	Rilaena triangularis			Kate Perez	BIN Taxonomy Match (Aug 2017)			Vouchered:Registered Collection	Tissue		CBG Collections Staff				cedar, balsam fir, grassland combination	BIOUG:FERRIS-PP	Malaise trap				Mixed habitat			SEQUELBIN-794|Ferris PP|Reads:3		44.2829	-77.7963			131				Canada	Ontario	Warsaw	Ferris Provincial Park											9304755	COI-5P		TACAATATATATAATTTTTGGTATATGAGCTGCAATAGTTGGAACTGCCCTAAGAATGCTAATTCGCACAGAACTAGGGCAACCCGGCTCCTTAATAAATGATGACCAAATTTATAATGTCATTGTAACAGCCCATGCTTTTGTAATAATTTTTTACATAGTCATACCTATTATAATTGGAGGATTCGGTAACTGGCTAGTACCTTTAATATTAGGGGCCCCCGATATAGCTTTCCCACGCTTAAACAACATAAGATTTTGACTTTTACCCCCTTCATTTCTTTTATTATTATCCTCTGCTTTAGTAGAAAATGGGGCAGGGACAGGCTGGACCGTTTATCCTCCCCTATCTAGAAATATTGCACATACGGGGGCATCTGTAGATTTAACAATTTTCTCCTTGCACTTAGCGGGTGTTTCTTCTATTCTTGGAGCCATTAACTTTATTACAACCATCATTAATATACGAACACAAGGAATAATTTTAGAACGAATACCCCTCTTTGTATGGTCAGTAAAAATTACAGCAATCCTATTACTACTTTCTCTACCAGTCCTGGCAGGTGCCATCACTATACTACTAACAGATCGAAATTTTAATACCTCCTTCTTCGACCCAGCCGGAGGAGGTGACCCCATCTTATACCAACATCTATTT								
OPPOA375-17	BIOUG32796-H06	7710427	BIOUG32796-H06	GMP#03739	Centre for Biodiversity Genomics		BOLD:ADL4253	20	Arthropoda	63	Arachnida	24643	Opiliones	151797	Phalangiidae	361450	Phalangiinae	361453	Rilaena	361454	Rilaena triangularis			Gergin A. Blagoev	BOLD ID Engine			Vouchered:Registered Collection	Tissue		CBG Collections Staff				cedar, balsam fir, grassland combination	BIOUG:FERRIS-PP	Malaise trap				Mixed habitat			Ferris PP|Reads:2		44.2829	-77.7963			131				Canada	Ontario	Warsaw	Ferris Provincial Park		3416728	http://www.boldsystems.org/pics/OPPOA/BIOUG32796-H06+1539358150.jpg	temp		CBG Photography Group	2018	CreativeCommons - Attribution Non-Commercial Share-Alike	Centre for Biodiversity Genomics	CBG Photography Group	9304756	COI-5P		TACAATATATATAATTTTTGGTATATGAGCTGCAATAGGTGGAACTGCCCTAAGAATGCTAATTCGCACAGAACTAGGGCAACCCGGCTCCTTAATAAATGATGACCAAATTTATAATGTCATTGTAACAGCCCATGCTTTTGTAATAATTTTTTNCATAGTCATACCTATTATAATTGGAGGATTCGGTAACTGGCTAGTACCTTTAATATTAGGGGCCCCCGATATAGCTTTCCCACGCTTAAACAACATAAGATTTTGACTTTTACCCCCTTCATTTCTTTTATTACTATCCTCTGCTTTAGTAGAAAATGGAGCAGGGACAGGCTGGACAGTTTATCCCCCCCTATCTAGAAATATTGAACATACGGGAGCATCTGTAGATTTAACAATTTTCTCCTTGCACTTAGCGGGTGTTTCTTCTATCCTTGGAGCCATTAACTTTATTACAACCATCATTAATATACGAACACAAGGAATAATTTTAGAACGAATACCCCTCTTTGTATGATCAGTAAAAATTACAGCAATCCTATTACTACTTTCTCTACCAGTCCTGGCAGGTGCAATCACTATACTACTAACAGATCGAAATTTTAATACCTCCTTCTTCGACCCAGCCGGAGGAGGTGACCCCACCTTATACCAACATCTATTT------								
OPPOC558-17	BIOUG33065-G06	7756330	BIOUG33065-G06	GMP#03741	Centre for Biodiversity Genomics		BOLD:ABW0506	20	Arthropoda	63	Arachnida	24643	Opiliones	151797	Phalangiidae	361450	Phalangiinae	361453	Rilaena	361454	Rilaena triangularis			Kate Perez	BIN Taxonomy Match (Aug 2017)			Vouchered:Registered Collection	Tissue		CBG Collections Staff				cedar, balsam fir, grassland combination	BIOUG:FERRIS-PP	Malaise trap				Mixed habitat			SEQUELBIN-794|Ferris PP|Reads:6		44.2829	-77.7963			131				Canada	Ontario	Warsaw	Ferris Provincial Park											9341301	COI-5P		TACAATATATATAATTTTTGGTATATGAGCTGCAATAGTTGGAACTGCCCTAAGAATGCTAATTCGCACAGAACTAGGGCAACCCGGCTCCTTAATAAATGATGACCAAATTTATAATGTCATTGTAACAGCCCATGCTTTTGTAATAATTTTTTTCATAGTCATACCTATTATAATTGGAGGATTCGGTAACTGGCTAGTACCTTTAATATTAGGGGCCCCCGATATAGCTTTCCCACGCTTAAACAACATAAGATTTTGACTTTTACCCCCTTCATTTCTTTTATTATTATCCTCTGCTTTAGTAGAAAATGGGGCAGGGACAGGCTGGACCGTTTATCCTCCCCTATCTAGAAATATTGCACATACGGGGGCATCTGTAGATTTAACAATTTTCTCCTTGCACTTAGCGGGTGTTTCTTCTATTCTTGGAGCCATTAACTTTATTACAACCATCATTAATATACGAACACAAGGAATAATTTTAGAACGAATACCCCTCTTTGTATGGTCAGTAAAAATTACAGCAATCCTATTACTACTTTCTCTACCAGTCCTGGCAGGTGCCATCACTATACTACTAACAGATCGAAATTTTAATACCTCCTTCTTCGACCCAGCCGGAGGAGGTGACCCCATCTTATACCAACATCTATTT								
OPPOE145-17	BIOUG33400-B05	7846856	BIOUG33400-B05	GMP#03743	Centre for Biodiversity Genomics		BOLD:ABW0506	20	Arthropoda	63	Arachnida	24643	Opiliones	151797	Phalangiidae	361450	Phalangiinae	361453	Rilaena	361454	Rilaena triangularis			Kate Perez	BIN Taxonomy Match (Dec 2017)			Vouchered:Registered Collection	Tissue		CBG Collections Staff				cedar, balsam fir, grassland combination	BIOUG:FERRIS-PP	Malaise trap				Mixed habitat			SEQUELBIN-794|Ferris PP		44.2829	-77.7963			131				Canada	Ontario	Warsaw	Ferris Provincial Park											9575376	COI-5P		TACAATATATATAATTTTTGGTATATGAGCTGCAATAGTTGGAACTGCCCTAAGAATGCTAATTCGCACAGAACTAGGGCAACCCGGCTCCTTAATAAATGATGACCAAATTTATAATGTCATTGTAACAGCCCATGCTTTTGTAATAATTTTTTTCATAGTCATACCTATTATAATTGGAGGATTCGGTAACTGGCTAGTACCTTTAATATTAGGGGCCCCCGATATAGCTTTCCCACGCTTAAACAACATAAGATTTTGACTTTTACCCCCTTCATTTCTTTTATTATTATCCTCTGCTTTAGTAGAAAATGGGGCAGGGACAGGCTGGACCGTTTATCCTCCCCTATCTAGAAATATTGCACATACGGGGGCATCTGTAGATTTAACAATTTTCTCCTTGCACTTAGCGGGTGTTTCTTCTATTCTTGGAGCCATTAACTTTATTACAACCATCATTAATATACGAACACAAGGAATAATTTTAGAACGAATACCCCTCTTTGTATGGTCAGTAAAAATTACAGCAATCCTATTACTACTTTCTCTACCAGTCCTGGCAGGTGCCATCACTATACTACTAACAGATCGAAATTTTAATACCTCCTTCTTCGACCCAGCCGGAGGAGGTGACCCCATCTTATACCAACATCTATTT								
PEISP439-15	BIOUG25733-G10	6468151	BIOUG25733-G10	L#13BIOBUS-0191	Centre for Biodiversity Genomics		BOLD:ABW0506	20	Arthropoda	63	Arachnida	24643	Opiliones	151797	Phalangiidae	361450	Phalangiinae	361453	Rilaena	361454	Rilaena triangularis			Monica R. Young	BIN Taxonomy Match			Vouchered:Registered Collection	Whole Voucher		BIObus 2013				hand collecting|sunny, clear sky|mixed wood forest with some open grassy fields		Free Hand	A		S	Forest			Prince Edward Island NP		46.488	-63.382	GPSmap 60Cx		1				Canada	Prince Edward Island	Prince Edward Island National Park	Green Gables, Haunted Wood Trail											8011369	COI-5P	MF810073	TACAATATATATAATTTTTGGTATATGAGCTGCAATAGTTGGAACTGCCCTAAGAATGCTAATTCGCACAGAACTAGGGCAACCCGGCTCCTTAATAAATGATGACCAAATTTATAATGTCATTGTAACAGCCCATGCTTTTGTAATAATTTTTTTCATAGTCATACCTATTATAATTGGAGGATTCGGTAACTGGCTAGTACCTTTAATATTAGGGGCCCCCGATATAGCTTTCCCACGCTTAAACAATATAAGATTTTGACTTTTACCCCCTTCATTTCTTTTATTATTATCCTCTGCTTTAGTAGAAAATGGGGCAGGGACAGGCTGGACCGTTTACCCTCCCCTATCTAGAAATATTGCACATACGGGGGCATCTGTAGATTTAACAATTTTCTCCTTGCACTTAGCGGGTGTTTCTTCTATTCTTGGAGCCATTAACTTTATTACAACCATCATTAATATACGAACACAAGGAATAATTTTAGAACGAATACCCCTCTTTGTATGGTCAGTAAAAATTACAGCAATCCTATTACTACTTTCTCTACCAGTCCTGGCAGGTGCCATCACTATACTACTAACAGATCGAAATTTTAATACCTCCTTCTTCGACCCAGC-------------------------------------	8573801	PEISP439-15[C_LepFolF,C_LepFolR]_R.ab1	http://trace.boldsystems.org/traceIO/bold.org/10392511	2015-10-27 23:36:20	Biodiversity Institute of Ontario	R	C_LepFolR	COI-5P
PEISP440-15	BIOUG25733-G11	6468152	BIOUG25733-G11	L#13BIOBUS-0191	Centre for Biodiversity Genomics		BOLD:ABW0506	20	Arthropoda	63	Arachnida	24643	Opiliones	151797	Phalangiidae	361450	Phalangiinae	361453	Rilaena	361454	Rilaena triangularis			Monica R. Young	BIN Taxonomy Match			Vouchered:Registered Collection	Whole Voucher		BIObus 2013				hand collecting|sunny, clear sky|mixed wood forest with some open grassy fields		Free Hand	A		S	Forest			Prince Edward Island NP		46.488	-63.382	GPSmap 60Cx		1				Canada	Prince Edward Island	Prince Edward Island National Park	Green Gables, Haunted Wood Trail											8011976	COI-5P	MF813507	TACAATATATATAATTTTTGGTATATGAGCTGCAATAGTTGGAACTGCCCTAAGAATGCTAATTCGCACAGAACTAGGGCAACCCGGCTCCTTAATAAATGATGACCAAATTTATAATGTCATTGTAACAGCCCATGCTTTTGTAATAATTTTTTTCATAGTCATACCTATTATAATTGGAGGATTCGGTAACTGGCTAGTACCTTTAATATTAGGGGCCCCCGATATAGCTTTCCCACGCTTAAACAACATAAGATTTTGACTTTTACCCCCTTCATTTCTTTTATTATTATCCTCTGCTTTAGTAGAAAATGGGGCAGGGACAGGCTGGACCGTTTATCCTCCCCTATCTAGAAATATTGCACATACGGGGGCATCTGTAGATTTAACAATTTTCTCCTTGCACTTAGCGGGTGTTTCTTCTATTCTTGGAGCCATTAACTTTATTACAACCATCATTAATATACGAACACAAGGAATAATTTTAGAACGAATACCCCTCTTTGTATGGTCAGTAAAAATTACAGCAATCCTATTACTACTTTCTCTACCAGTCCTGGCAGGTGCCATCACTATACTACTAACAGATCGAAATTTTAATACCTCCTTCTTCGACCCAGCC------------------------------------	8573802	PEISP440-15[C_LepFolF,C_LepFolR]_R.ab1	http://trace.boldsystems.org/traceIO/bold.org/10392512	2015-10-27 23:36:20	Biodiversity Institute of Ontario	R	C_LepFolR	COI-5P
PEISP444-15	BIOUG25733-H10	6468156	BIOUG25733-H10	L#13BIOBUS-0333	Centre for Biodiversity Genomics		BOLD:ABW0506	20	Arthropoda	63	Arachnida	24643	Opiliones	151797	Phalangiidae	361450	Phalangiinae	361453	Rilaena	361454	Rilaena triangularis			Monica R. Young	BIN Taxonomy Match			Vouchered:Registered Collection	Whole Voucher		BIObus 2013				hand collecting|overcast|mixed wood forest (white spruce) and grassy field		Free Hand	A		S	Forest			Prince Edward Island NP		46.426	-63.193	GPSmap 60Cx		16				Canada	Prince Edward Island	Prince Edward Island National Park	Brackley Day Use Area											8011729	COI-5P	MF808321	TACAATATATATAATTTTTGGTATATGAGCTGCAATAGTTGGAACTGCCCTAAGAATGCTAATTCGCACAGAACTAGGGCAACCCGGCTCCTTAATAAATGATGACCAAATTTATAATGTCATTGTAACAGCCCATGCTTTTGTAATAATTTTTTTCATAGTCATACCTATTATAATTGGAGGATTCGGTAACTGGCTAGTACCTTTAATATTAGGGGCCCCCGATATAGCTTTCCCACGCTTAAACAACATAAGATTTTGACTTTTACCCCCTTCATTTCTTTTATTATTATCCTCTGCTTTAGTAGAAAATGGGGCAGGGACAGGCTGGACCGTTTATCCTCCCCTATCTAGAAATATTGCACATACGGGGGCATCTGTAGATTTAACAATTTTCTCCTTGCACTTAGCGGGTGTTTCTTCTATTCTTGGAGCCATTAACTTTATTACAACCATCATTAATATACGAACACAAGGAATAATTTTAGAACGAATACCCCTCTTTGTATGGTCAGTAAAAATTACAGCAATCCTATTACTACTTTCTCTACCAGTCCTGGCAGGTGCCATCACTATACTACTAACAGATCGAAATTTTAATACCTCC---------------------------------------------------	8573813	PEISP444-15[C_LepFolF,C_LepFolR]_R.ab1	http://trace.boldsystems.org/traceIO/bold.org/10392523	2015-10-27 23:36:20	Biodiversity Institute of Ontario	R	C_LepFolR	COI-5P
PEISP445-15	BIOUG25733-H11	6468157	BIOUG25733-H11	L#13BIOBUS-0333	Centre for Biodiversity Genomics		BOLD:ABW0506	20	Arthropoda	63	Arachnida	24643	Opiliones	151797	Phalangiidae	361450	Phalangiinae	361453	Rilaena	361454	Rilaena triangularis			Monica R. Young	BIN Taxonomy Match			Vouchered:Registered Collection	Whole Voucher		BIObus 2013				hand collecting|overcast|mixed wood forest (white spruce) and grassy field		Free Hand	A		S	Forest			Prince Edward Island NP		46.426	-63.193	GPSmap 60Cx		16				Canada	Prince Edward Island	Prince Edward Island National Park	Brackley Day Use Area											8011967	COI-5P	MF812388	TACAATATATATAATTTTTGGTATATGAGCTGCAATAGTTGGAACTGCCCTAAGAATGCTAATTCGCACAGAACTAGGGCAACCCGGCTCCTTAATAAATGATGACCAAATTTATAATGTCATTGTAACAGCCCATGCTTTTGTAATAATTTTTTTCATAGTCATACCTATTATAATTGGAGGATTCGGTAACTGGCTAGTACCTTTAATATTAGGGGCCCCCGATATAGCTTTCCCACGCTTAAACAACATAAGATTTTGACTTTTACCCCCTTCATTTCTTTTATTATTATCCTCTGCTTTAGTAGAAAATGGGGCAGGGACAGGCTGGACCGTTTATCCTCCCCTATCTAGAAATATTGCACATACGGGGGCATCTGTAGATTTAACAATTTTCTCCTTGCACTTAGCGGGTGTTTCTTCTATTCTTGGAGCCATTAACTTTATTACAACCATCATTAATATACGAACACAAGGAATAATTTTAGAACGAATACCCCTCTTTGTATGGTCAGTAAAAATTACAGCAATCCTATTACTACTTTCTCTACCAGTCCTGGCAGGTGCCATCACTATACTACTAACAGATCGAAATTTTAATACCTCCTTCTTCGACCCAGC-------------------------------------	8573814	PEISP445-15[C_LepFolF,C_LepFolR]_R.ab1	http://trace.boldsystems.org/traceIO/bold.org/10392524	2015-10-27 23:36:20	Biodiversity Institute of Ontario	R	C_LepFolR	COI-5P
RRSPI378-15	BIOUG20596-G01	6231184	BIOUG20596-G01	L#15RARE-0178	Centre for Biodiversity Genomics		BOLD:ADH9176	20	Arthropoda	63	Arachnida	24643	Opiliones	151797	Phalangiidae	361450	Phalangiinae	361453	Rilaena	361454	Rilaena triangularis			Monica R. Young	BIN Taxonomy Match			Vouchered:Registered Collection	Tissue		BIO Collections Staff				3 Pitfall Traps		Pitfall Trap	I			Mixed habitat					43.3736	-80.3652	GPS		304				Canada	Ontario	Cambridge	rare Charitable Research Reserve	Indian Woods, forest edge										7779871	COI-5P	KT703999	TACAATATATATAATTTTTGGTATATGAGCTGCAATAGTTGGAACTGCTCTAAGAATGCTAATTCGCACAGAACTGGGGCAACCCGGCTCCTTAATAAATGATGACCAAATTTATAATGTCATTGTAACAGCCCATGCTTTTGTAATAATTTTTTTTATAGTCATACCTATTATAATTGGAGGATTTGGCAACTGGCTAGTACCTTTAATATTAGGGGCCCCCGATATAGCTTTCCCACGATTAAACAACATAAGATTTTGACTTTTACCCCCTTCATTTCTTTTATTACTATCCTCTGCTTTAGTAGAAAATGGAGCAGGGACAGGCTGGACAGTTTATCCCCCCTTATCTAGAAATATTGCACATACNGGAGCATCTGTAGATTTAACAATTTTCTCCTTGCACTTAGCGGGTGTTTCTTCTATCCTTGGAGCCATTAACTTTATTACAACCATCATTAATATACGAACACAAGGAATAATTTTAGAACGAATACCCCTCTTTGTATGATCAGTAAAAATTACAGCAATCCTATTACTACTTTCTCTACCAGTCCTAGCAGGTGCCATTACTATACTACTAACAGATCGAAATTTTAATACCTCCTTCTTCGACCCAGCCGGAGGAGGTG--------------------------	8209647	RRSPI378-15[C_LepFolF,C_LepFolR]_R.ab1	http://trace.boldsystems.org/traceIO/bold.org/10029460	2015-07-29 19:48:47	Biodiversity Institute of Ontario	R	C_LepFolR	COI-5P
RRSSA3041-15	BIOUG22848-B09	6082820	BIOUG22848-B09	L#15RARE-0142	Centre for Biodiversity Genomics		BOLD:ABW0506	20	Arthropoda	63	Arachnida	24643	Opiliones	151797	Phalangiidae	361450	Phalangiinae	361453	Rilaena	361454	Rilaena triangularis			Monica R. Young	BIN Taxonomy Match			Vouchered:Registered Collection	Tissue		BIO Collections Staff				20 Pitfall Traps|heavy rainfall|hardwood forest, oak and maple leaf litter		Pitfall Trap				Forest					43.3739	-80.354	GPS		332				Canada	Ontario	Cambridge	rare Charitable Research Reserve	Hogsback Forest, forest edge										7898186	COI-5P	MG412881	TTTTTTATAGTCATACCTATTATAATTGGAGGATTTGGCAACTGGCTAGTACCTTTAATATTAGGGGCCCCCGATATAGCTTTCCCACGCTTAAACAACATAAGATTTTGACTTTTACCCCCTTCATTTCTTTTATTACTATCCTCTGCTTTAGTAGAAAATGGAGCAGGGACAGGCTGGACAGTTTATCCCCCCTTATCTAGAAATATTGCACATACNGGAGCATCTGTAGATTTAACAATTTTCTCCTTGCACTTAGCGGGTGTTTCTTCTATCCTTGGAGCCATTAACTTTATTACAACCATCATTAATATACGAACACAAGGAATAATTTTAGAACGAATACCCCTCTTTGTATGATCAGTAAAAATTACAGCA---------------------------------------------------------------------------------------------------------------------------------------------------------------------------------------------------------------------------------------------------------------------	8387698	RRSSA3041-15[C_LepFolF,C_LepFolR]_R.ab1	http://trace.boldsystems.org/traceIO/bold.org/10206402	2015-09-15 15:41:46	Biodiversity Institute of Ontario	R	C_LepFolR	COI-5P
SMNSA099-16	SMNS-Opil-988	7264588	SMNS-Opil-988		Staatliches Museum fur Naturkunde, Stuttgart		BOLD:ABW0506	20	Arthropoda	63	Arachnida	24643	Opiliones	151797	Phalangiidae	361450	Phalangiinae	361453	Rilaena	361454	Rilaena triangularis			Joachim Holstein							GBOL-Team ZFMK						Handfang		F		Bergwiese				http://smns.diversityworkbench.de/collection_SMNS/14056/457449/13100	47.86	8.03			1375				Germany				FR, Feldberg										8716989	COI-5P		ACAATATATATAATTTTTGGTATATGAGCTGCAATAGTTGGAACTGCCCTAAGAATGCTAATTCGCACAGAACTAGGGCAACCCGGCTCCTTAATAAATGATGACCAAATTTATAATGTCATTGTAACAGCCCATGCTTTTGTAATAATTTTTTTCATAGTCATACCTATTATAATTGGAGGATTCGGTAACTGGCTAGTACCTTTAATATTAGGGGCCCCCGATATAGCTTTCCCACGCTTAAACAATATAAGATTTTGACTTTTACCCCCTTCATTTCTTTTATTATTATCCTCTGCTTTAGTAGAAAATGGGGCAGGGACAGGCTGGACCGTTTACCCTCCCCTATCTAGAAATATTGCACATACGGGGGCATCTGTAGATTTAACAATTTTCTCCTTGCACTTAGCGGGTGTTTCTTCTATTCTTGGAGCCATTAACTTTATTACAACCATCATTAATATACGAACACAAGGAATAATTTTAGAACGAATACCCCTCTTTGTATGGTCAGTAAAAATTACAGCAATCCTATTACTACTTTCTCTACCAGTCCTGGCAGGTGCCATCACTATACTACTAACAGATCGAAATTTTAATACCTCCTTCTTCGACCCAGCCGGAGGAGGTGACCCCATCTTATACCAACATCTATTTT	9506332|9506333	SMNS_Aran_000988_H9_LCO.ab1|SMNS_Aran_000988_H9_HCO.ab1	http://trace.boldsystems.org/traceIO/bold.org/11325090|http://trace.boldsystems.org/traceIO/bold.org/11325091	2013-10-02 03:19:47|2013-10-02 06:59:35	LGC Genomics, Germany|LGC Genomics, Germany	f|r	LCO1490|HCO2198	COI-5P|COI-5P
SMNSA100-16	SMNS-Opil-989	7264589	SMNS-Opil-989		Staatliches Museum fur Naturkunde, Stuttgart		BOLD:ADH9176	20	Arthropoda	63	Arachnida	24643	Opiliones	151797	Phalangiidae	361450	Phalangiinae	361453	Rilaena	361454	Rilaena triangularis			Joachim Holstein							GBOL-Team ZFMK						Handfang		F		Bergwiese				http://smns.diversityworkbench.de/collection_SMNS/14057/457450/13101	47.86	8.03			1375				Germany				FR, Feldberg										8717088	COI-5P		ACAATATATATAATTTTTGGTATATGAGCTGCAATAGTTGGAACTGCTCTAAGAATGCTAATTCGCACAGAACTAGGGCAACCCGGCTCCTTAATAAATGATGACCAAATTTATAATGTCATTGTAACAGCCCATGCTTTTGTAATAATTTTTTTTATAGTCATACCTATTATAATTGGAGGATTTGGCAACTGGCTAGTACCTTTAATATTAGGGGCCCCCGATATAGCTTTCCCACGCTTAAACAACATAAGATTTTGACTTTTACCCCCTTCATTTCTTTTATTACTATCCTCTGCTTTAGTAGAAAATGGAGCAGGGACAGGCTGGACAGTTTATCCCCCCTTATCTAGAAATATTGCACATACGGGAGCATCTGTAGATTTAACAATTTTCTCCTTGCACTTAGCGGGTGTTTCTTCTATCCTTGGAGCCATTAACTTTATTACAACCATCATTAATATACGAACACAAGGAATAATTTTAGAACGAATACCCCTCTTTGTATGATCAGTAAAAATTACAGCAATCCTATTACTACTTTCTCTACCAGTCCTGGCAGGTGCCATTACTATACTACTAACAGATCGAAATTTTAATACCTCTTTCTTCGACCCAGCGGGAGGAGGTGACCCTATTTTATACCAACATCTATTTT	9506335	SMNS_Aran_000989_A10_HCO.ab1	http://trace.boldsystems.org/traceIO/bold.org/11325093	2013-10-02 06:59:35	LGC Genomics, Germany	r	HCO2198	COI-5P
SSPEA643-15	BIOUG20323-D05	5762203	BIOUG20323-D05	L#13BIOBUS-0291	Centre for Biodiversity Genomics		BOLD:ABW0506	20	Arthropoda	63	Arachnida	24643	Opiliones	151797	Phalangiidae	361450	Phalangiinae	361453	Rilaena	361454	Rilaena triangularis			Monica R. Young	BIN Taxonomy Match			Vouchered:Registered Collection	Tissue		BIObus 2013				2 Malaise traps|mostly sunny|deciduous forest stand, sugar maple monoculture with striped maple in the understory		Malaise Trap				Forest			Prince Edward Island NP		46.493	-63.394	GPSmap 60Cx		5				Canada	Prince Edward Island	Prince Edward Island National Park	Cavendish Grove	behind old train ride rail path										7569926	COI-5P	MF812558	ACAATATATATAATTTTTGGTATATGAGCTGCAATAGTTGGAACTGCCCTAAGAATGCTAATTCGCACAGAACTAGGGCAACCCGGCTCCTTAATAAATGATGACCAAATTTATAATGTCATTGTAACAGCCCATGCTTTTGTAATAATTTTTTTCATAGTCATACCTATTATAATTGGAGGATTCGGTAACTGGCTAGTACCTTTAATATTAGGGGCCCCCGATATAGCTTTCCCACGCTTAAACAACATAAGATTTTGACTTTTACCCCCTTCATTTCTTTTATTATTATCCTCTGCTTTAGTAGAAAATGGGGCAGGGACAGGCTGGACCGTTTATCCTCCCCTATCTAGAAATATTGCACATACGGGGGCATCTGTAGATTTAACAATTTTCTCCTTGCACTTAGCGGGTGTTTCTTCTATTCTTGGAGCCATTAACTTTATTACAACCATCATTAATATACGAACACAAGGAATAATTTTAGAACGAATACCCCTCTTTGTATGGTCAGTAAAAATTACAGCAATCCTATTACTACTTTCTCTACCAGTCCTGGCAGGTGCCATCACTATACTACTAACAGAT------------------------------------------------	7982243	SSPEA643-15[C_LepFolF,C_LepFolR]_R.ab1	http://trace.boldsystems.org/traceIO/bold.org/9802644	2015-06-11 04:57:40	Biodiversity Institute of Ontario	R	C_LepFolR	COI-5P
SSPEA646-15	BIOUG20323-D08	5762206	BIOUG20323-D08	L#13BIOBUS-0291	Centre for Biodiversity Genomics		BOLD:ABW0506	20	Arthropoda	63	Arachnida	24643	Opiliones	151797	Phalangiidae	361450	Phalangiinae	361453	Rilaena	361454	Rilaena triangularis			Monica R. Young	BIN Taxonomy Match			Vouchered:Registered Collection	Tissue		BIObus 2013				2 Malaise traps|mostly sunny|deciduous forest stand, sugar maple monoculture with striped maple in the understory		Malaise Trap				Forest			Prince Edward Island NP		46.493	-63.394	GPSmap 60Cx		5				Canada	Prince Edward Island	Prince Edward Island National Park	Cavendish Grove	behind old train ride rail path										7570030	COI-5P	MF813409	ACAATATATATAATTTTTGGTATATGAGCTGCAATAGTTGGAACTGCCCTAAGAATGCTAATTCGCACAGAACTAGGGCAACCCGGCTCCTTAATAAATGATGACCAAATTTATAATGTCATTGTAACAGCCCATGCTTTTGTAATAATTTTTTTCATAGTCATACCTATTATAATTGGAGGATTCGGTAACTGGCTAGTACCTTTAATATTAGGGGCCCCCGATATAGCTTTCCCACGCTTAAACAACATAAGATTTTGACTTTTACCCCCTTCATTTCTTTTATTATTATCCTCTGCTTTAGTAGAAAATGGGGCAGGGACAGGCTGGACCGTTTATCCTCCCCTATCTAGAAATATTGCACATACGGGGGCATCTGTAGATTTAACAATTTTCTCCTTGCACTTAGCGGGTGTTTCTTCTATTCTTGGAGCCATTAACTTTATTACAACCATCATTAATATACGAACACAAGGAATAATTTTAGAACGAATACCCCTCTTTGTATGGTCAGTAAAAATTACAGCAATCCTATTACTACTTTCTCTACCAGTCCTGGCAGGTGCCATCACTATA------------------------------------------------------------	7982246	SSPEA646-15[C_LepFolF,C_LepFolR]_R.ab1	http://trace.boldsystems.org/traceIO/bold.org/9802647	2015-06-11 04:57:40	Biodiversity Institute of Ontario	R	C_LepFolR	COI-5P
SSPEA648-15	BIOUG20323-D10	5762208	BIOUG20323-D10	L#13BIOBUS-0291	Centre for Biodiversity Genomics		BOLD:ABW0506	20	Arthropoda	63	Arachnida	24643	Opiliones	151797	Phalangiidae	361450	Phalangiinae	361453	Rilaena	361454	Rilaena triangularis			Monica R. Young	BIN Taxonomy Match			Vouchered:Registered Collection	Tissue		BIObus 2013				2 Malaise traps|mostly sunny|deciduous forest stand, sugar maple monoculture with striped maple in the understory		Malaise Trap				Forest			Prince Edward Island NP		46.493	-63.394	GPSmap 60Cx		5				Canada	Prince Edward Island	Prince Edward Island National Park	Cavendish Grove	behind old train ride rail path										7570456	COI-5P	MF814906	ACAATATATATAATTTTTGGTATATGAGCTGCAATAGTTGGAACTGCCCTAAGAATGCTAATTCGCACAGAACTAGGGCAACCCGGCTCCTTAATAAATGATGACCAAATTTATAATGTCATTGTAACAGCCCATGCTTTTGTAATAATTTTTTTCATAGTCATACCTATTATAATTGGAGGATTCGGTAACTGGCTAGTACCTTTAATATTAGGGGCCCCCGATATAGCTTTCCCACGCTTAAACAACATAAGATTTTGACTTTTACCCCCTTCATTTCTTTTATTATTATCCTCTGCTTTAGTAGAAAATGGGGCAGGGACAGGCTGGACCGTTTATCCTCCCCTATCTAGAAATATTGCACATACGGGGGCATCTGTAGATTTAACAATTTTCTCCTTGCACTTAGCGGGTGTTTCTTCTATTCTTGGAGCCATTAACTTTATTACAACCATCATTAATATACGAACACAAGGAATAATTTTAGAACGAATACCCCTCTTTGTATGGTCAGTAAAAATTACAGCAATCCTATTACTACTTTCTCTACCAGTCCTGGCAGGTGCCATCACTATACTACTAACAGAT------------------------------------------------	7982248	SSPEA648-15[C_LepFolF,C_LepFolR]_R.ab1	http://trace.boldsystems.org/traceIO/bold.org/9802649	2015-06-11 04:57:40	Biodiversity Institute of Ontario	R	C_LepFolR	COI-5P
SSPEA653-15	BIOUG20323-E03	5762213	BIOUG20323-E03	L#13BIOBUS-0291	Centre for Biodiversity Genomics		BOLD:ABW0506	20	Arthropoda	63	Arachnida	24643	Opiliones	151797	Phalangiidae	361450	Phalangiinae	361453	Rilaena	361454	Rilaena triangularis			Monica R. Young	BIN Taxonomy Match			Vouchered:Registered Collection	Tissue		BIObus 2013				2 Malaise traps|mostly sunny|deciduous forest stand, sugar maple monoculture with striped maple in the understory		Malaise Trap				Forest			Prince Edward Island NP		46.493	-63.394	GPSmap 60Cx		5				Canada	Prince Edward Island	Prince Edward Island National Park	Cavendish Grove	behind old train ride rail path										7569797	COI-5P	MF810476	ACAATATATATAATTTTTGGTATATGAGCTGCAATAGTTGGAACTGCCCTAAGAATGCTAATTCGCACAGAACTAGGGCAACCCGGCTCCTTAATAAATGATGACCAAATTTATAATGTCATTGTAACAGCCCATGCTTTTGTAATAATTTTTTTCATAGTCATACCTATTATAATTGGAGGATTCGGTAACTGGCTAGTACCTTTAATATTAGGGGCCCCCGATATAGCTTTCCCACGCTTAAACAACATAAGATTTTGACTTTTACCCCCTTCATTTCTTTTATTATTATCCTCTGCTTTAGTAGAAAATGGGGCAGGGACAGGCTGGACCGTTTATCCTCCCCTATCTAGAAATATTGCACATACGGGGGCATCTGTAGATTTAACAATTTTCTCCTTGCACTTAGCGGGTGTTTCTTCTATTCTTGGAGCCATTAACTTTATTACAACCATCATTAATATACGAACACAAGGAATAATTTTAGAACGAATACCCCTCTTTGTATGGTCAGTAAAAATTACAGCAATCCTATTACTACTTTCTCTACCAGTCCTGGCAGGTGCCATCACTATACTACTAACAGAT------------------------------------------------	7982253	SSPEA653-15[C_LepFolF,C_LepFolR]_R.ab1	http://trace.boldsystems.org/traceIO/bold.org/9802654	2015-06-11 04:57:40	Biodiversity Institute of Ontario	R	C_LepFolR	COI-5P
SSPEA655-15	BIOUG20323-E05	5762215	BIOUG20323-E05	L#13BIOBUS-0291	Centre for Biodiversity Genomics		BOLD:ABW0506	20	Arthropoda	63	Arachnida	24643	Opiliones	151797	Phalangiidae	361450	Phalangiinae	361453	Rilaena	361454	Rilaena triangularis			Monica R. Young	BIN Taxonomy Match			Vouchered:Registered Collection	Tissue		BIObus 2013				2 Malaise traps|mostly sunny|deciduous forest stand, sugar maple monoculture with striped maple in the understory		Malaise Trap				Forest			Prince Edward Island NP		46.493	-63.394	GPSmap 60Cx		5				Canada	Prince Edward Island	Prince Edward Island National Park	Cavendish Grove	behind old train ride rail path										7570232	COI-5P	MF815551	ACAATATATATAATTTTTGGTATATGAGCTGCAATAGTTGGAACTGCCCTAAGAATGCTAATTCGCACAGAACTAGGGCAACCCGGCTCCTTAATAAATGATGACCAAATTTATAATGTCATTGTAACAGCCCATGCTTTTGTAATAATTTTTTTCATAGTCATACCTATTATAATTGGAGGATTCGGTAACTGGCTAGTACCTTTAATATTAGGGGCCCCCGATATAGCTTTCCCACGCTTAAACAATATAAGATTTTGACTTTTACCCCCTTCATTTCTTTTATTATTATCCTCTGCTTTAGTAGAAAATGGGGCAGGGACAGGCTGGACCGTTTACCCTCCCCTATCTAGAAATATTGCACATACGGGGGCATCTGTAGATTTAACAATTTTCTCCTTGCACTTAGCGGGTGTTTCTTCTATTCTTGGAGCCATTAACTTTATTACAACCATCATTAATATACGAACACAAGGAATAATTTTAGAACGAATACCCCTCTTTGTATGGTCAGTAAAAATTACAGCAATCCTATTACTACTTTCTCTACCAGTCCTGGCAGGTGCCATCACTATACTACTAACAGAT------------------------------------------------	7982255	SSPEA655-15[C_LepFolF,C_LepFolR]_R.ab1	http://trace.boldsystems.org/traceIO/bold.org/9802656	2015-06-11 04:57:40	Biodiversity Institute of Ontario	R	C_LepFolR	COI-5P
SSPEA656-15	BIOUG20323-E06	5762216	BIOUG20323-E06	L#13BIOBUS-0291	Centre for Biodiversity Genomics		BOLD:ABW0506	20	Arthropoda	63	Arachnida	24643	Opiliones	151797	Phalangiidae	361450	Phalangiinae	361453	Rilaena	361454	Rilaena triangularis			Monica R. Young	BIN Taxonomy Match			Vouchered:Registered Collection	Tissue		BIObus 2013				2 Malaise traps|mostly sunny|deciduous forest stand, sugar maple monoculture with striped maple in the understory		Malaise Trap				Forest			Prince Edward Island NP		46.493	-63.394	GPSmap 60Cx		5				Canada	Prince Edward Island	Prince Edward Island National Park	Cavendish Grove	behind old train ride rail path										7570380	COI-5P	MF814506	ACAATATATATAATTTTTGGTATATGAGCTGCAATAGTTGGAACTGCCCTAAGAATGCTAATTCGCACAGAACTAGGGCAACCCGGCTCCTTAATAAATGATGACCAAATTTATAATGTCATTGTAACAGCCCATGCTTTTGTAATAATTTTTTTCATAGTCATACCTATTATAATTGGAGGATTCGGTAACTGGCTAGTACCTTTAATATTAGGGGCCCCCGATATAGCTTTCCCACGCTTAAACAACATAAGATTTTGACTTTTACCCCCTTCATTTCTTTTATTATTATCCTCTGCTTTAGTAGAAAATGGGGCAGGGACAGGCTGGACCGTTTATCCTCCCCTATCTAGAAATATTGCACATACGGGGGCATCTGTAGATTTAACAATTTTCTCCTTGCACTTAGCGGGTGTTTCTTCTATTCTTGGAGCCATTAACTTTATTACAACCATCATTAATATACGAACACAAGGAATAATTTTAGAACGAATACCCCTCTTTGTATGGTCAGTAAAAATTACAGCAATCCTATTACTACTTTCTCTACCAGTCCTGGCAGGTGCCATCACTATACTACTAACAGAT------------------------------------------------	7982256	SSPEA656-15[C_LepFolF,C_LepFolR]_R.ab1	http://trace.boldsystems.org/traceIO/bold.org/9802657	2015-06-11 04:57:40	Biodiversity Institute of Ontario	R	C_LepFolR	COI-5P
SSPEA658-15	BIOUG20323-E08	5762218	BIOUG20323-E08	L#13BIOBUS-0291	Centre for Biodiversity Genomics		BOLD:ABW0506	20	Arthropoda	63	Arachnida	24643	Opiliones	151797	Phalangiidae	361450	Phalangiinae	361453	Rilaena	361454	Rilaena triangularis			Monica R. Young	BIN Taxonomy Match			Vouchered:Registered Collection	Tissue		BIObus 2013				2 Malaise traps|mostly sunny|deciduous forest stand, sugar maple monoculture with striped maple in the understory		Malaise Trap				Forest			Prince Edward Island NP		46.493	-63.394	GPSmap 60Cx		5				Canada	Prince Edward Island	Prince Edward Island National Park	Cavendish Grove	behind old train ride rail path										7570041	COI-5P	MF815316	ACAATATATATAATTTTTGGTATATGAGCTGCAATAGTTGGAACTGCCCTAAGAATGCTAATTCGCACAGAACTAGGGCAACCCGGCTCCTTAATAAATGATGACCAAATTTATAATGTCATTGTAACAGCCCATGCTTTTGTAATAATTTTTTTCATAGTCATACCTATTATAATTGGAGGATTCGGTAACTGGCTAGTACCTTTAATATTAGGGGCCCCCGATATAGCTTTCCCACGCTTAAACAACATAAGATTTTGACTTTTACCCCCTTCATTTCTTTTATTATTATCCTCTGCTTTAGTAGAAAATGGGGCAGGGACAGGCTGGACCGTTTATCCTCCCCTATCTAGAAATATTGCACATACGGGGGCATCTGTAGATTTAACAATTTTCTCCTTGCACTTAGCGGGTGTTTCTTCTATTCTTGGAGCCATTAACTTTATTACAACCATCATTAATATACGAACACAAGGAATAATTTTAGAACGAATACCCCTCTTTGTATGGTCAGTAAAAATTACAGCAATCCTATTACTACTTTCTCTACCAGTCCTGGCAGGTGCCATCACTATACTACTAACAGAT------------------------------------------------	7982258	SSPEA658-15[C_LepFolF,C_LepFolR]_R.ab1	http://trace.boldsystems.org/traceIO/bold.org/9802659	2015-06-11 04:57:40	Biodiversity Institute of Ontario	R	C_LepFolR	COI-5P
ARONT605-10	CCDB-05259-C10	1481282	CCDB-05259-C10	100317FH	Centre for Biodiversity Genomics		BOLD:ABW0506	20	Arthropoda	63	Arachnida	24643	Opiliones	151797	Phalangiidae	361450	Phalangiinae	361453	Rilaena	361454	Rilaena triangularis			Kate Perez	BIN Taxonomy Match						G.A.Blagoev							I	F	S						43.6809	-80.4311			377				Canada	Ontario	Wellington Co.	Elora, The Mill	under stones										4379681	COI-5P	KR069774	-----------------------------------------------------------------------------------------------------------------------------------------------------------------------------------------------------------------------------------------------------------TAAGATTTTGACTTTTACCCCCTTCATTTCTTTTATTATTATCCTCTGCTTTAGTAGAAAATGGGGCAGGGACAGGCTGGACCGTTTATCCTCCCCTATCTAGAAATATTGCACATACGGGGGCATCTGTAGATTTAACAATTTTCTCCTTGCACTTAGCGGGTGTTTCTTCTATTCTTGGAGCCATTAACTTTATTACAACCATCATTAATATACGAACACAAGGAATAATTTTAGAACGAATACCCCTCTTTGTATGGTCAGTAAAAATTACAGCAATCCTATTACTACTTTCTCTACCAGTCCTGGCAGGTGCCATCACTATACTACTAACAGATCGAAATTTTAATACCTCCTTCTTCGACCCAGCCGGAGGAGGTGACCCCATCTTATACCAACATCTATTT	2291453|2291548|3827166|3827182|3827198	ARONT605-10[LCO1490_t1,HCO2198_t1]_F.ab1|ARONT605-10[LCO1490_t1,HCO2198_t1]_R.ab1|ARONT605-10[MLepF1,C_LepFolR]_F.ab1|ARONT605-10[MLepF1,C_LepFolR]_R.ab1|ARONT605-10[C_LepFolF,MLepR2]_R.ab1	http://trace.boldsystems.org/traceIO/bold.org/1990081|http://trace.boldsystems.org/traceIO/bold.org/1990176|http://trace.boldsystems.org/traceIO/bold.org/5691693|http://trace.boldsystems.org/traceIO/bold.org/5691709|http://trace.boldsystems.org/traceIO/bold.org/5691725	2010-08-16 18:11:34|2010-08-16 19:37:34|2012-02-16 17:55:37|2012-02-16 19:22:28|2012-02-25 00:17:32	Biodiversity Institute of Ontario|Biodiversity Institute of Ontario|Biodiversity Institute of Ontario|Biodiversity Institute of Ontario|Biodiversity Institute of Ontario	F|R|F|R|R	M13F|M13R|MLepF1|C_LepFolR|MLepR2	COI-5P|COI-5P|COI-5P|COI-5P|COI-5P
CNBRL012-14	BIOUG10540-E02	4214218	BIOUG10540-E02	GMP#01308	Centre for Biodiversity Genomics		BOLD:ABW0506	20	Arthropoda	63	Arachnida	24643	Opiliones	151797	Phalangiidae	361450	Phalangiinae	361453	Rilaena	361454	Rilaena triangularis			Monica R. Young	BIN Taxonomy Match			Vouchered:Registered Collection	Tissue		CBH staff				2 Malaise traps	BIOUG:CAPEBRE-NP	Malaise Trap	A			Forest			Cape Breton Highlands NP		46.6553	-60.4285	GPS, WGS84		21				Canada	Nova Scotia	Cape Breton Highlands National Park		Clyburn Valley Road, near golf course										6180137	COI-5P	KR100622	GTACAATATATATAATTTTTGGTATATGAGCTGCAATAGTTGGAACTGCCCTAAGAATGCTAATTCGCACAGAACTAGGGCAACCCGGCTCCTTAATAAATGATGACCAAATTTATAATGTCATTGTAACAGCCCATGCTTTTGTAATAATTTTTTTCATAGTCATACCTATTATAATTGGAGGATTCGGTAACTGGCTAGTACCTTTAATATTAGGGGCCCCCGATATAGCTTTCCCACGCTTAAACAATATAAGATTTTGACTTTTACCCCCTTCATTTCTTTTATTATTATCCTCTGCTTTAGTAGAAAATGGGGCAGGGACAGGCTGGACCGTTTACCCTCCCCTATCTAGAAATATTGCACATACGGGGGCATCTGTAGATTTAACAATTTTCTCCTTGCACTTAGCGGGTGTTTCTTCTATTCTTGGAGCCATTAACTTTATTACAACCATCATTAATATACGAACACAAGGAATAATTTTAGAACGAATACCCCTCTTTGTATGGTCAGTAAAAATTACAGCAATCCTATTACTACTTTCTCTACCAGTCCTGGCAGGTGCCATCACTATACTACTAACAGA	6206427	CNBRL012-14[C_LepFolF,C_LepFolR]_R.ab1	http://trace.boldsystems.org/traceIO/bold.org/8053065	2014-04-08 23:20:01	Biodiversity Institute of Ontario	R	C_LepFolR	COI-5P
CNBRL015-14	BIOUG10540-E05	4214221	BIOUG10540-E05	GMP#01308	Centre for Biodiversity Genomics		BOLD:ABW0506	20	Arthropoda	63	Arachnida	24643	Opiliones	151797	Phalangiidae	361450	Phalangiinae	361453	Rilaena	361454	Rilaena triangularis			Monica R. Young	BIN Taxonomy Match			Vouchered:Registered Collection	Tissue		CBH staff				2 Malaise traps	BIOUG:CAPEBRE-NP	Malaise Trap	A			Forest			Cape Breton Highlands NP		46.6553	-60.4285	GPS, WGS84		21				Canada	Nova Scotia	Cape Breton Highlands National Park		Clyburn Valley Road, near golf course										6177362	COI-5P	KR102521	TTGGTACAATATATATAATTTTTGGTATATGAGCTGCAATAGTTGGAACTGCCCTAAGAATGNTAATTCGCACAGAACTAGGGCAACCCGGCTCCTTAATAAATGATGACCAAATTTATAATGTCATTGTAACAGCCCATGCTTTTGTAATAATTTTTTTCATAGTCATACCTATTATAATTGGAGGATTCGGTAACTGGCTAGTACCTTTAATATTAGGGGCCCCCGATATAGCTTTCCCACGCTTAAACAATATAAGATTTTGACTTTTACCCCCTTCATTTCTTTTATTATTATCCTCTGCTTTAGTAGAAAATGGGGCAGGGACAGGCTGGACCGTTTACCCTCCCCTATCTAGAAATATTGCACATACGGGGGCATCTGTAGATTTAACAATTTTCTCCTTGCACTTAGCGGGTGTTTCTTCTATTCTTGGAGCCATTAACTTTATTACAACCATCATTAATATACGAACACAAGGAATAATTTTAGAACGAATACCCCTCTTTGTATGGTCAGTAAAAATTACAGCAATCCTATTACTACTTTC	6206430	CNBRL015-14[C_LepFolF,C_LepFolR]_R.ab1	http://trace.boldsystems.org/traceIO/bold.org/8053068	2014-04-08 23:20:01	Biodiversity Institute of Ontario	R	C_LepFolR	COI-5P
CNBRL808-14	BIOUG10781-F04	4215014	BIOUG10781-F04	GMP#01308	Centre for Biodiversity Genomics		BOLD:ABW0506	20	Arthropoda	63	Arachnida	24643	Opiliones	151797	Phalangiidae	361450	Phalangiinae	361453	Rilaena	361454	Rilaena triangularis			Monica R. Young	BIN Taxonomy Match			Vouchered:Registered Collection	Whole Voucher		CBH staff				2 Malaise traps	BIOUG:CAPEBRE-NP	Malaise Trap	A			Forest			Cape Breton Highlands NP		46.6553	-60.4285	GPS, WGS84		21				Canada	Nova Scotia	Cape Breton Highlands National Park		Clyburn Valley Road, near golf course										6111624	COI-5P	KR097737	GTACAATATATATAATTTTTGGTATATGAGCTGCAATAGTTGGAACTGCCCTAAGAATGCTAATTCGCACAGAACTAGGGCAACCCGGCTCCTTAATAAATGATGACCAAATTTATAATGTCATTGTAACAGCCCATGCTTTTGTAATAATTTTTTTCATAGTCATACCTATTATAATTGGAGGATTCGGTAACTGGCTAGTACCTTTAATATTAGGGGCCCCCGATATAGCTTTCCCACGCTTAAACAATATAAGATTTTGACTTTTACCCCCTTCATTTCTTTTATTATTATCCTCTGCTTTAGTAGAAAATGGGGCAGGGACAGGCTGGACCGTTTACCCTCCCCTATCTAGAAATATTGCACATACGGGGGCATCTGTAGATTTAACAATTTTCTCCTTGCACTTAGCGGGTGTTTCTTCTATTCTTGGAGCCATTAACTTTATTACAACCATCATTAATATACGAACACAAGGAATAATTTTAGAACGAATACCCCTCTTTGTATGGTCAGTAAAAATTACAGCAATCCTATTACTACTTTCTCTACCAGTCCTGGCAGGTGCCATCACTATACTACTAACAGAT	6104414	CNBRL808-14[C_LepFolF,C_LepFolR]_R.ab1	http://trace.boldsystems.org/traceIO/bold.org/7951041	2014-03-17 20:38:24	Biodiversity Institute of Ontario	R	C_LepFolR	COI-5P
CNBRM021-14	BIOUG10540-H10	4229404	BIOUG10540-H10	GMP#01312	Centre for Biodiversity Genomics		BOLD:ABW0506	20	Arthropoda	63	Arachnida	24643	Opiliones	151797	Phalangiidae	361450	Phalangiinae	361453	Rilaena	361454	Rilaena triangularis			Monica R. Young	BIN Taxonomy Match			Vouchered:Registered Collection	Tissue		CBH staff				2 Malaise traps	BIOUG:CAPEBRE-NP	Malaise Trap	A			Forest			Cape Breton Highlands NP		46.6553	-60.4285	GPS, WGS84		21				Canada	Nova Scotia	Cape Breton Highlands National Park		Clyburn Valley Road, near golf course										6175167	COI-5P	KR104153	AATTTTTGGTATATGAGCTGCAATAGTTGGAACTGCCCTAAGAATGCTAATTCGCACAGAACTAGGGCAACCCGGCTCCTTAATAAATGATGACCAAATTTATAATGTCATTGTAACAGCCCATGCTTTTGTAATAATTTTTTTCATAGTCATACCTATTATAATTGGAGGATTCGGTAACTGGCTAGTACCTTTAATATTAGGGGCCCCCGATATAGCTTTCCCACGCTTAAACAATATAAGATTTTGACTTTTACCCCCTTCATTTCTTTTATTATTATCCTCTGCTTTAGTAGAAAATGGGGCAGGGACAGGCTGGACCGTTTACCCTCCCCTATCTAGAAATATTGCACATACGGGGGCATCTGTAGATTTAACAATTTTCTCCTTGCACTTAGCGGGTGTTTCTTCTATTCTTGGAGCCATTAACTTTATTACAACCATCATTAATATACGAACACAAGGAATAATTTTAGAACGAATACCCCTCTTTGTATGGTCAGTAAAAATTACAGCAATCCTATTACTACT	6206471	CNBRM021-14[C_LepFolF,C_LepFolR]_R.ab1	http://trace.boldsystems.org/traceIO/bold.org/8053109	2014-04-08 23:20:01	Biodiversity Institute of Ontario	R	C_LepFolR	COI-5P
CNBRN401-14	BIOUG10845-A04	4223161	BIOUG10845-A04	GMP#01316	Centre for Biodiversity Genomics		BOLD:ABW0506	20	Arthropoda	63	Arachnida	24643	Opiliones	151797	Phalangiidae	361450	Phalangiinae	361453	Rilaena	361454	Rilaena triangularis			Monica R. Young	BIN Taxonomy Match			Vouchered:Registered Collection	Tissue		CBH staff				2 Malaise traps	BIOUG:CAPEBRE-NP	Malaise Trap	A			Forest			Cape Breton Highlands NP		46.6553	-60.4285	GPS, WGS84		21				Canada	Nova Scotia	Cape Breton Highlands National Park		Clyburn Valley Road, near golf course										6120423	COI-5P	KR097040	-ACAATATATATAATTTTTGGTATATGAGCTGCAATAGTTGGAACTGCC---NTAAGAATGNTAATTCGCACAGAACTAGGGCAACCCGGCTCCTTAATAAATGAT---GACCAAATTTATAATGTCATTGTAACAGCCCATGCTTTTGTAATAATTTTTTTCATAGTCATACCTATTATAATTGGAGGATTCGGTAACTGGCTAGTACCTTTAATA---TTAGGGGCCCCCGATATAGCTTTCCCACGCTTAAACAATATAAGATTTTGACTTTTACCCCCTTCATTTCTTTTATTATTATCCTCTGCTTTAGTAGAAAATGGGGCAGGGACAGGCTGGACCGTTTACCCTCCCCTATCTAGAAATATTGCACATACGGGGGCATCTGTAGATTTA---ACAATTTTCTCCTTGCACTTAGCGGGTGTTTCTTCTATTCTTGGAGCCATTAACTTTATTACAACCATCATTAATATACGAACACAAGGAATAATTTTAGAACGAATACCCCTCTTTGTATGGTCAGTAAAAATTACAGCAATCCTATTACTACTTTCTCTACCAGTCCTGGCAGGT---GCCATCACTATACTACTAACAGAT-------------------------------------------------------------------------------------------------------------------------------------------------------------------------------------------------------------------------------------------------------------------	6112668	CNBRN401-14[C_LepFolF,C_LepFolR]_R.ab1	http://trace.boldsystems.org/traceIO/bold.org/7959295	2014-03-19 22:05:39	Biodiversity Institute of Ontario	R	C_LepFolR	COI-5P
CNPEC105-14	BIOUG10307-C09	4165526	BIOUG10307-C09	GMP#01352	Centre for Biodiversity Genomics		BOLD:ABW0506	20	Arthropoda	63	Arachnida	24643	Opiliones	151797	Phalangiidae	361450	Phalangiinae	361453	Rilaena	361454	Rilaena triangularis			Monica R. Young	BIN Taxonomy Match			Vouchered:Registered Collection	Tissue		Paul Ayles				2 Malaise traps|late successional red maple stand	BIOUG:PEI-NP	Malaise Trap				Forest			Prince Edward Island NP		46.4123	-63.085	GPS, WGS84		6				Canada	Prince Edward Island	Prince Edward Island National Park	Woodland Trail / Long Point											6136490	COI-5P	KR100820	TGGTACAATATATATAATTTTTGGTATATGAGCTGCAATAGTTGGAACTGCCCTAAGAATGCTAATTCGCACAGAACTAGGGCAACCCGGCTCCTTAATAAATGATGACCAAATTTATAATGTCATTGTAACAGCCCATGCTTTTGTAATAATTTTTTTCATAGTCATACCTATTATAATTGGAGGATTCGGTAACTGGCTAGTACCTTTAATATTAGGGGCCCCCGATATAGCTTTCCCACGCTTAAACAACATAAGATTTTGACTTTTACCCCCTTCATTTCTTTTATTATTATCCTCTGCTTTAGTAGAAAATGGGGCAGGGACAGGCTGGACCGTTTATCCTCCCCTATCTAGAAATATTGCACATACGGGGGCATCTGTAGATTTAACAATTTTCTCCTTGCACTTAGCGGGTGTTTCTTCTATTCTTGGAGCCATTAACTTTATTACAACCATCATTAATATACGAACACAAGGAATAATTTTAGAACGAATACCCCTCTTTGTATGGTCAGTAAAAATTACAGCAATCCTATTACTACTTTCTCTACCAGTCCTGGCAGGTGCCATCACTATACTACTAACAGATC	6135472	CNPEC105-14[C_LepFolF,C_LepFolR]_R.ab1	http://trace.boldsystems.org/traceIO/bold.org/7982099	2014-03-25 12:00:14	Biodiversity Institute of Ontario	R	C_LepFolR	COI-5P
CNPEC107-14	BIOUG10307-C11	4165528	BIOUG10307-C11	GMP#01352	Centre for Biodiversity Genomics		BOLD:ABW0506	20	Arthropoda	63	Arachnida	24643	Opiliones	151797	Phalangiidae	361450	Phalangiinae	361453	Rilaena	361454	Rilaena triangularis			Monica R. Young	BIN Taxonomy Match			Vouchered:Registered Collection	Tissue		Paul Ayles				2 Malaise traps|late successional red maple stand	BIOUG:PEI-NP	Malaise Trap				Forest			Prince Edward Island NP		46.4123	-63.085	GPS, WGS84		6				Canada	Prince Edward Island	Prince Edward Island National Park	Woodland Trail / Long Point											6136941	COI-5P	KR098719	TTGGTACAATATATATAATTTTTGGTATATGAGCTGCAATAGTTGGAACTGCCCTAAGAATGCTAATTCGCACAGAACTAGGGCAACCCGGCTCCTTAATAAATGATGACCAAATTTATAATGTCATTGTAACAGCCCATGCTTTTGTAATAATTTTTTTCATAGTCATACCTATTATAATTGGAGGATTCGGTAACTGGCTAGTACCTTTAATATTAGGGGCCCCCGATATAGCTTTCCCACGCTTAAACAACATAAGATTTTGACTTTTACCCCCTTCATTTCTTTTATTATTATCCTCTGCTTTAGTAGAAAATGGGGCAGGGACAGGCTGGACCGTTTATCCTCCCCTATCTAGAAATATTGCACATACGGGGGCATCTGTAGATTTAACAATTTTCTCCTTGCACTTAGCGGGTGTTTCTTCTATTCTTGGAGCCATTAACTTTATTACAACCATCATTAATATACGAACACAAGGAATAATTTTAGAACGAATACCCCTCTTTGTATGGTCAGTAAAAATTACAGCAATCCTATTACTACTTTCTCTACCAGTCCTGGCAGGTGCCATCACTATACTACTAACAGAT	6135474	CNPEC107-14[C_LepFolF,C_LepFolR]_R.ab1	http://trace.boldsystems.org/traceIO/bold.org/7982101	2014-03-25 12:00:14	Biodiversity Institute of Ontario	R	C_LepFolR	COI-5P
CNPEM2377-14	BIOUG10598-A06	4218532	BIOUG10598-A06	GMP#01350	Centre for Biodiversity Genomics		BOLD:ABW0506	20	Arthropoda	63	Arachnida	24643	Opiliones	151797	Phalangiidae	361450	Phalangiinae	361453	Rilaena	361454	Rilaena triangularis			Monica R. Young	BIN Taxonomy Match			Vouchered:Registered Collection	Tissue		Paul Ayles				2 Malaise traps|late successional red maple stand	BIOUG:PEI-NP	Malaise Trap				Forest			Prince Edward Island NP		46.4123	-63.085	GPS, WGS84		6				Canada	Prince Edward Island	Prince Edward Island National Park	Woodland Trail / Long Point											6151347	COI-5P	KR095754	TGAGCTGCAATAGTTGGAACTGCCCTAAGAATGNTAATTCGCACAGAACTAGGGCAACCCGGCTCCTTAATAAATGATGACCAAATTTATAATGTCATTGTAACAGCCCATGCTTTTGTAATAATTTTTTTCATAGTCATACCTATTATAATTGGAGGATTCGGTAACTGGCTAGTACCTTTAATATTAGGGGCCCCCGATATAGCTTTCCCACGCTTAAACAACATAAGATTTTGACTTTTACCCCCTTCATTTCTTTTATTATTATCCTCTGCTTTAGTAGAAAATGGGGCAGGGACAGGCTGGACCGTTTATCCTCCCCTATCTAGAAATATTGCACATACGGGGGCATCTGTAGATTTAACAATTTTCTCCTTGCACTTAGCGGGTGTTTCTTCTATTCTTGGAGCCATTAACTTTATTACAACCATCATTAATATACGAACACAAGGAATAATTTTAGAACGAATACCCCTCTTTGTATGGTCAGTAAAAATTACAGCAATCCTATTACTACT	6166639	CNPEM2377-14[C_LepFolF,C_LepFolR]_R.ab1	http://trace.boldsystems.org/traceIO/bold.org/8013266	2014-03-29 02:32:33	Biodiversity Institute of Ontario	R	C_LepFolR	COI-5P
CNPEM2378-14	BIOUG10598-A07	4218533	BIOUG10598-A07	GMP#01350	Centre for Biodiversity Genomics		BOLD:ABW0506	20	Arthropoda	63	Arachnida	24643	Opiliones	151797	Phalangiidae	361450	Phalangiinae	361453	Rilaena	361454	Rilaena triangularis			Monica R. Young	BIN Taxonomy Match			Vouchered:Registered Collection	Tissue		Paul Ayles				2 Malaise traps|late successional red maple stand	BIOUG:PEI-NP	Malaise Trap				Forest			Prince Edward Island NP		46.4123	-63.085	GPS, WGS84		6				Canada	Prince Edward Island	Prince Edward Island National Park	Woodland Trail / Long Point											6145920	COI-5P	KR098100	TACAATATATATAATTTTTGGTATATGAGCTGCAATAGTTGGAACTGCCCTAAGAATGCTAATTCGCACAGAACTAGGGCAACCCGGCTCCTTAATAAATGATGACCAAATTTATAATGTCATTGTAACAGCCCATGCTTTTGTAATAATTTTTTTCATAGTCATACCTATTATAATTGGAGGATTCGGTAACTGGCTAGTACCTTTAATATTAGGGGCCCCCGATATAGCTTTCCCACGCTTAAACAACATAAGATTTTGACTTTTACCCCCTTCATTTCTTTTATTATTATCCTCTGCTTTAGTAGAAAATGGGGCAGGGACAGGCTGGACCGTTTATCCTCCCCTATCTAGAAATATTGCACATACGGGGGCATCTGTAGATTTAACAATTTTCTCCTTGCACTTAGCGGGTGTTTCTTCTATTCTTGGAGCCATTAACTTTATTACAACCATCATTAATATACGAACACAAGGAATAATTTTAGAACGAATACCCCTCTTTGTATGGTCAGTAAAAATTACAGCAATCCTATTACTACTTTCTCTACCAGTCCTGGCAGGTGCCATCACTATACTACTAACAGATCGAAATTTTAATACCTCCTTCTTCGACCCAGCCGGAGGAGGG-------	6166640	CNPEM2378-14[C_LepFolF,C_LepFolR]_R.ab1	http://trace.boldsystems.org/traceIO/bold.org/8013267	2014-03-29 02:32:33	Biodiversity Institute of Ontario	R	C_LepFolR	COI-5P
CNPEM2379-14	BIOUG10598-A08	4218534	BIOUG10598-A08	GMP#01350	Centre for Biodiversity Genomics		BOLD:ABW0506	20	Arthropoda	63	Arachnida	24643	Opiliones	151797	Phalangiidae	361450	Phalangiinae	361453	Rilaena	361454	Rilaena triangularis			Monica R. Young	BIN Taxonomy Match			Vouchered:Registered Collection	Tissue		Paul Ayles				2 Malaise traps|late successional red maple stand	BIOUG:PEI-NP	Malaise Trap				Forest			Prince Edward Island NP		46.4123	-63.085	GPS, WGS84		6				Canada	Prince Edward Island	Prince Edward Island National Park	Woodland Trail / Long Point											6145888	COI-5P	KR104523	TGAGCTGCAATAGTTGGAACTGCCCTAAGAATGCTAATTCGCACAGAACTAGGGCAACCCGGCTCCTTAATAAATGATGACCAAATTTATAATGTCATTGTAACAGCCCATGCTTTTGTAATAATTTTTTTCATAGTCATACCTATTATAATTGGAGGATTCGGTAACTGGCTAGTACCTTTAATATTAGGGGCCCCCGATATAGCTTTCCCACGCTTAAACAACATAAGATTTTGACTTTTACCCCCTTCATTTCTTTTATTATTATCCTCTGCTTTAGTAGAAAATGGGGCAGGGACAGGCTGGACCGTTTATCCTCCCCTATCTAGAAATATTGCACATACGGGGGCATCTGTAGATTTAACAATTTTCTCCTTGCACTTAGCGGGTGTTTCTTCTATTCTTGGAGCCATTAACTTTATTACAACCATCATTAATATACGAACACAAGGAATAATTTTAGAACGAATACCCCTCTTTGTATGGTCAGTAAAAATTACAGCAATCCTATTACTACTTTCTCTACCAGTCCTGGCAGGTGCCATCACTATACTACTAACAGAT	6166641	CNPEM2379-14[C_LepFolF,C_LepFolR]_R.ab1	http://trace.boldsystems.org/traceIO/bold.org/8013268	2014-03-29 02:32:33	Biodiversity Institute of Ontario	R	C_LepFolR	COI-5P
CNPEM2385-14	BIOUG10598-B02	4218540	BIOUG10598-B02	GMP#01350	Centre for Biodiversity Genomics		BOLD:ABW0506	20	Arthropoda	63	Arachnida	24643	Opiliones	151797	Phalangiidae	361450	Phalangiinae	361453	Rilaena	361454	Rilaena triangularis			Monica R. Young	BIN Taxonomy Match			Vouchered:Registered Collection	Tissue		Paul Ayles				2 Malaise traps|late successional red maple stand	BIOUG:PEI-NP	Malaise Trap				Forest			Prince Edward Island NP		46.4123	-63.085	GPS, WGS84		6				Canada	Prince Edward Island	Prince Edward Island National Park	Woodland Trail / Long Point											6147178	COI-5P	KR099582	TACAATATATATAATTTTTGGTATATGAGCTGCAATAGTTGGAACTGCCCTAAGAATGCTAATTCGCACAGAACTAGGGCAACCCGGCTCCTTAATAAATGATGACCAAATTTATAATGTCATTGTAACAGCCCATGCTTTTGTAATAATTTTTTTCATAGTCATACCTATTATAATTGGAGGATTCGGTAACTGGCTAGTACCTTTAATATTAGGGGCCCCCGATATAGCTTTCCCACGCTTAAACAACATAAGATTTTGACTTTTACCCCCTTCATTTCTTTTATTATTATCCTCTGCTTTAGTAGAAAATGGGGCAGGGACAGGCTGGACCGTTTATCCTCCCCTATCTAGAAATATTGCACATACGGGGGCATCTGTAGATTTAACAATTTTCTCCTTGCACTTAGCGGGTGTTTCTTCTATTCTTGGAGCCATTAACTTTATTACAACCATCATTAATATACGAACACAAGGAATAATTTTAGAACGAATACCCCTCTTTGTATGGTCAGTAAAAATTACAGCAATCCTATTACTACTTTCTCTACCAGTCCTGGCAGGTGCCATCACTATACTACTAACAGATCGAAATTTTAATACCTCCTTCTTCGACCCAGCCGGAGGAGG--------	6166647	CNPEM2385-14[C_LepFolF,C_LepFolR]_R.ab1	http://trace.boldsystems.org/traceIO/bold.org/8013274	2014-03-29 02:32:33	Biodiversity Institute of Ontario	R	C_LepFolR	COI-5P
CNPEM2386-14	BIOUG10598-B03	4218541	BIOUG10598-B03	GMP#01350	Centre for Biodiversity Genomics		BOLD:ABW0506	20	Arthropoda	63	Arachnida	24643	Opiliones	151797	Phalangiidae	361450	Phalangiinae	361453	Rilaena	361454	Rilaena triangularis			Monica R. Young	BIN Taxonomy Match			Vouchered:Registered Collection	Tissue		Paul Ayles				2 Malaise traps|late successional red maple stand	BIOUG:PEI-NP	Malaise Trap				Forest			Prince Edward Island NP		46.4123	-63.085	GPS, WGS84		6				Canada	Prince Edward Island	Prince Edward Island National Park	Woodland Trail / Long Point											6151935	COI-5P	KR097179	GTACAATATATATAATTTTTGGTATATGAGCTGCAATAGTTGGAACTGCCCTAAGAATGCTAATTCGCACAGAACTAGGGCAACCCGGCTCCTTAATAAATGATGACCAAATTTATAATGTCATTGTAACAGCCCATGCTTTTGTAATAATTTTTTTCATAGTCATACCTATTATAATTGGAGGATTCGGTAACTGGCTAGTACCTTTAATATTAGGGGCCCCCGATATAGCTTTCCCACGCTTAAACAACATAAGATTTTGACTTTTACCCCCTTCATTTCTTTTATTATTATCCTCTGCTTTAGTAGAAAATGGGGCAGGGACAGGCTGGACCGTTTATCCTCCCCTATCTAGAAATATTGCACATACGGGGGCATCTGTAGATTTAACAATTTTCTCCTTGCACTTAGCGGGTGTTTCTTCTATTCTTGGAGCCATTAACTTTATTACAACCATCATTAATATACGAACACAAGGAATAATTTTAGAACGAATACCCCTCTTTGTATGGTCAGTAAAAATTACAGCAATCCTATTACTACTTTCTCTACCAGTCCTGGCAGGTGCCATCACTATACT	6166648	CNPEM2386-14[C_LepFolF,C_LepFolR]_R.ab1	http://trace.boldsystems.org/traceIO/bold.org/8013275	2014-03-29 02:32:33	Biodiversity Institute of Ontario	R	C_LepFolR	COI-5P
CNPEO1071-14	BIOUG10904-C11	4232858	BIOUG10904-C11	GMP#01358	Centre for Biodiversity Genomics		BOLD:ABW0506	20	Arthropoda	63	Arachnida	24643	Opiliones	151797	Phalangiidae	361450	Phalangiinae	361453	Rilaena	361454	Rilaena triangularis			Monica R. Young	BIN Taxonomy Match			Vouchered:Registered Collection	Tissue		Paul Ayles				2 Malaise traps|late successional red maple stand	BIOUG:PEI-NP	Malaise Trap				Forest			Prince Edward Island NP		46.4123	-63.085	GPS, WGS84		6				Canada	Prince Edward Island	Prince Edward Island National Park	Woodland Trail / Long Point											6062373	COI-5P	KR101058	GGTACAATATATATAATTTTTGGTATATGAGCTGCAATAGTTGGAACTGCCCTAAGAATGNTAATTCGCACAGAACTAGGGCAACCCGGCTCCTTAATAAATGATGACCAAATTTATAATGTCATTGTAACAGCCCATGCTTTTGTAATAATTTTTTTCATAGTCATACCTATTATAATTGGAGGATTCGGTAACTGGCTAGTACCTTTAATATTAGGGGCCCCCGATATAGCTTTCCCACGCTTAAACAACATAAGATTTTGACTTTTACCCCCTTCATTTCTTTTATTATTATCCTCTGCTTTAGTAGAAAATGGGGCAGGGACAGGCTGGACCGTTTATCCTCCCCTATCTAGAAATATTGCACATACGGGGGCATCTGTAGATTTAACAATTTTCTCCTTGCACTTAGCGGGTGTTTCTTCTATTCTTGGAGCCATTAACTTTATTACAACCATCATTAATATACGAACACAAGGAATAATTTTAGAACGAATACCCCTCTTTGTATGGTCAGTAAAAATTACAGCAATCCTATTACTACTTTCTCTACCAGTCCTGGCAGGTGCCATCACTATACT	6037648	CNPEO1071-14[C_LepFolF,C_LepFolR]_R.ab1	http://trace.boldsystems.org/traceIO/bold.org/7884275	2014-02-28 04:22:55	Biodiversity Institute of Ontario	R	C_LepFolR	COI-5P
CNSLA296-12	BIOUG03997-C03	2952021	BIOUG03997-C03	GMP#00125	Centre for Biodiversity Genomics		BOLD:ADI0704	20	Arthropoda	63	Arachnida	24643	Opiliones	151797	Phalangiidae	361450	Phalangiinae	361453	Rilaena	361454	Rilaena triangularis			Monica R. Young	BIN Taxonomy Match			Vouchered:Registered Collection	Tissue		Parks Canada Staff				Sugar maple and white birch|cool, rainy week, 15C avg	BIOUG:STLAW-NP	Malaise Trap			S	Forest			Thousand Islands NP		44.475	-75.865	GPS		117				Canada	Ontario	Thousand Islands National Park	Jones Creek by Mallorytown	County Road 5										4971464	COI-5P	KM839696	TACAATATATATAATTTTTGGTATATGAGCTGCAATAGTTGGAACTGCCCTAAGAATGNTAATTCGCACAGAACTAGGGCAACCCGGCTCCTTAATAAATGATGACCAAATTTATAATGTCATTGTAACAGCCCATGCTTTTGTAATAATTTTTTTTATAGTCATACCTATTATAATTGGAGGATTNGGCAACTGGCTAGTACCTTTAATATTAGGGGCCCCCGATATAGCTTTCCCACGCTTAAACAACATAAGATTTTGACTTTTACCCCCTTCATTTCTTTTANTACTATCCTCTGCTTTAGTAGAAAATGGGGCAGGGACAGGCTGGACAGTTTATCCCCCCCTATCTAGAAATATTGCACATACGGGAGCATCTGTAGATTTAACAATTTTCTCCTTACACTTAGCGGGTGTTTCTTCTATCCTTGGAGCCATTAACTTTATTACAACTATCATTAATATACGAACACAAGGAATAATTTTAGAACGAATACCCCTCTTTGTATGATCAGTAAAAATTACAGCAATCCTATTACTACTTTCTCTACCAGTNNTGGCAGGGGCCATTACTATACTACTAACAGATCGAAATTTTAATACC-----------------------------------------	4856265	CNSLA296-12[C_LepFolF,C_LepFolR]_R.ab1	http://trace.boldsystems.org/traceIO/bold.org/6703533	2013-01-18 12:44:23	Biodiversity Institute of Ontario	R	C_LepFolR	COI-5P
CNSLB459-12	BIOUG03997-C04	2972787	BIOUG03997-C04	GMP#00127	Centre for Biodiversity Genomics			20	Arthropoda	63	Arachnida	24643	Opiliones	151797	Phalangiidae	361450	Phalangiinae	361453	Rilaena	361454	Rilaena triangularis			Gergin A. Blagoev				Vouchered:Registered Collection	Tissue		Parks Canada Staff				Sugar maple and white birch|sunny, temp range 5-25C	BIOUG:STLAW-NP	Malaise Trap				Forest			Thousand Islands NP		44.475	-75.865	GPS		117				Canada	Ontario	Thousand Islands National Park	Jones Creek by Mallorytown	County Road 5										4971472	COI-5P		TACAATATATATAATTTTTGGTATATGAGCTGCAATAGTTGGAACTGCCCTAAGAATGNTAATTNGCACAGAACTAGGGCAACCCGGCTCCTTAATAAATGATGACCAAATTTATAATGTCATTGTAACAGCCCATGCTTTTGTAATAATTTTTTTTATAGTCATACCTATTATAATTGGAGGATTNGGCAACTGGCTAGTACCTTTAATATTAGGGGCCCCCGATATAGCTTTCCCACGCTTAAACAACATAAGATTTTGACTTTTACCCCCTTCATTTCTTTTANTACTATCCTCTGCTTTAGTAGAAAATGGGGCAGGGACAGGCTGGACAGTTTATCCCCCCCTATCTAGAAATATTGCACATACGGGAGCATCTGTAGATTTAACAATTTTCTCCTTACACTTAGCGGGTGTTTCTTCTATCCTTGGAGCCATTAACTTTATTACAACTATCATTAATATACGAACACAAGGAATAATTTTAGAACGAATACCCCTCTTTGTATGATCAGTAAAAATTACAGCAATCCTATTACTACTTTCTCTACCAGTNNTGGCAGGGGCCATTACTATACTACTAACAGATCGAAATTTTAATACCTCTTTCTTCGACCCAGCNGGAGGAGGTGACCC---------	4856266	CNSLB459-12[C_LepFolF,C_LepFolR]_R.ab1	http://trace.boldsystems.org/traceIO/bold.org/6703549	2013-01-18 12:44:23	Biodiversity Institute of Ontario	R	C_LepFolR	COI-5P
CNSLB465-12	BIOUG03997-C10	2972793	BIOUG03997-C10	GMP#00127	Centre for Biodiversity Genomics		BOLD:ABW0506	20	Arthropoda	63	Arachnida	24643	Opiliones	151797	Phalangiidae	361450	Phalangiinae	361453	Rilaena	361454	Rilaena triangularis			Monica R. Young	BIN Taxonomy Match			Vouchered:Registered Collection	Tissue		Parks Canada Staff				Sugar maple and white birch|sunny, temp range 5-25C	BIOUG:STLAW-NP	Malaise Trap			S	Forest			Thousand Islands NP		44.475	-75.865	GPS		117				Canada	Ontario	Thousand Islands National Park	Jones Creek by Mallorytown	County Road 5										4971497	COI-5P	KM834322	TACAATATATATAATTTTTGGTATATGAGCTGCAATAGTTGGAACTGCCCTAAGAATGCTAATTCGCACAGAACTAGGGCAACCCGGCTCCTTAATAAATGATGACCAAATTTATAATGTCATTGTAACAGCCCATGCTTTTGTAATAATTTTTTTCATAGTCATACCTATTATAATTGGAGGATTCGGTAACTGGCTAGTACCTTTAATATTAGGGGCCCCCGATATAGCTTTCCCACGCTTAAACAATATAAGATTTTGACTTTTACCCCCTTCATTTCTTTTATTATTATCCTCTGCTTTAGTAGAAAATGGGGCAGGGACAGGCTGGACCGTTTACCCTCCCCTATCTAGAAATATTGCACATACGGGGGCATCTGTAGATTTAACAATTTTCTCCTTGCACTTAGCGGGTGTTTCTTCTATTCTTGGAGCCATTAACTTTATTACAACCATCATTAATATACGAACACAAGGAATAATTTTAGAACGAATACCCCTCTTTGTATGGTCAGTAAAAATTACAGCAATCCTATTACTACTTTCTCTACCAGTCCTGGCAGGTGCCATCACTATACTACTAACAGATCGAAATTTTAATACCTCCTTCTTCGACCCAGCCGGAGGAGGTGACCC---------	4856272	CNSLB465-12[C_LepFolF,C_LepFolR]_R.ab1	http://trace.boldsystems.org/traceIO/bold.org/6703555	2013-01-18 12:44:23	Biodiversity Institute of Ontario	R	C_LepFolR	COI-5P
CNSLC547-12	BIOUG03997-D05	2965566	BIOUG03997-D05	GMP#00129	Centre for Biodiversity Genomics		BOLD:ABW0506	20	Arthropoda	63	Arachnida	24643	Opiliones	151797	Phalangiidae	361450	Phalangiinae	361453	Rilaena	361454	Rilaena triangularis			Monica R. Young	BIN Taxonomy Match			Vouchered:Registered Collection	Tissue		Parks Canada Staff				Sugar maple and white birch|warm, breezy, 15-28C	BIOUG:STLAW-NP	Malaise Trap			S	Forest			Thousand Islands NP		44.475	-75.865	GPS		117				Canada	Ontario	Thousand Islands National Park	Jones Creek by Mallorytown	County Road 5										4971480	COI-5P	KM825059	TACAATATATATAATTTTTGGTATATGAGCTGCAATAGTTGGAACTGCCCTAAGAATGCTAATTCGCACAGAACTAGGGCAACCCGGCTCCTTAATAAATGATGACCAAATTTATAATGTCATTGTAACAGCCCATGCTTTTGTAATAATTTTTTTCATAGTCATACCTATTATAATTGGAGGATTCGGTAACTGGCTAGTACCTTTAATATTAGGGGCCCCCGATATAGCTTTCCCACGCTTAAACAATATAAGATTTTGACTTTTACCCCCTTCATTTCTTTTATTATTATCCTCTGCTTTAGTAGAAAATGGGGCAGGGACAGGCTGGACCGTTTACCCTCCCCTATCTAGAAATATTGCACATACGGGGGCATCTGTAGATTTAACAATTTTCTCCTTGCACTTAGCGGGTGTTTCTTCTATTCTTGGAGCCATTAACTTTATTACAACCATCATTAATATACGAACACAAGGAATAATTTTAGAACGAATACCCCTCTTTGTATGGTCAGTAAAAATTACAGCAATCCTATTACTACTTTCTCTACCAGTCCTGGCAGGTGCCATCACTATACTACTAACAGATCGAAATTTTAATACCTCCTTCTTCGACCCAGCCGGAGGAGGTGAC-----------	4856279	CNSLC547-12[C_LepFolF,C_LepFolR]_R.ab1	http://trace.boldsystems.org/traceIO/bold.org/6703540	2013-01-18 12:44:23	Biodiversity Institute of Ontario	R	C_LepFolR	COI-5P
CNSLL001-13	BIOUG03760-F08	3451946	BIOUG03760-F08	GMP#00126	Centre for Biodiversity Genomics		BOLD:ABW0506	20	Arthropoda	63	Arachnida	24643	Opiliones	151797	Phalangiidae	361450	Phalangiinae	361453	Rilaena	361454	Rilaena triangularis			Monica R. Young	BIN Taxonomy Match			Vouchered:Registered Collection	Tissue		Parks Canada Staff				Sugar maple and white birch|3 days rain, mild temperatures	BIOUG:STLAW-NP	Malaise Trap	A		S	Forest			Thousand Islands NP		44.475	-75.865	GPS		117				Canada	Ontario	Thousand Islands National Park	Jones Creek by Mallorytown	County Road 5										5361286	COI-5P	KM828129	TACAATATATATAATTTTTGGTATATGAGCTGCAATAGTTGGAACTGCCCTAAGAATGCTAATTCGCACAGAACTAGGGCAACCCGGCTCCTTAATAAATGATGACCAAATTTATAATGTCATTGTAACAGCCCATGCTTTTGTAATAATTTTTTTCATAGTCATACCTATTATAATTGGAGGATTCGGTAACTGGCTAGTACCTTTAATATTAGGGGCCCCCGATATAGCTTTCCCACGCTTAAACAATATAAGATTTTGACTTTTACCCCCTTCATTTCTTTTATTATTATCCTCTGCTTTAGTAGAAAATGGGGCAGGGACAGGCTGGACCGTTTACCCTCCCCTATCTAGAAATATTGCACATACGGGGGCATCTGTAGATTTAACAATTTTCTCCTTGCACTTAGCGGGTGTTTCTTCTATTCTTGGAGCCATTAACTTTATTACAACCATCATTAATATACGAACACAAGGAATAATTTTAGAACGAATACCCCTCTTTGTATGGTCAGTAAAAATTACAGCAATCCTATTACTACTTTCTCTACCAGTCCTGGCAGGTGCCATCACTATACTACTAACAGATCGAAATTTTAATACCTC----------------------------------------------------	5325697	CNSLL001-13[C_LepFolF,C_LepFolR]_R.ab1	http://trace.boldsystems.org/traceIO/bold.org/7172303	2013-08-08 21:57:39	Biodiversity Institute of Ontario	R	C_LepFolR	COI-5P
CNSLL003-13	BIOUG03760-F10	3451948	BIOUG03760-F10	GMP#00126	Centre for Biodiversity Genomics		BOLD:ABW0506	20	Arthropoda	63	Arachnida	24643	Opiliones	151797	Phalangiidae	361450	Phalangiinae	361453	Rilaena	361454	Rilaena triangularis			Monica R. Young	BIN Taxonomy Match			Vouchered:Registered Collection	Tissue		Parks Canada Staff				Sugar maple and white birch|3 days rain, mild temperatures	BIOUG:STLAW-NP	Malaise Trap	A		S	Forest			Thousand Islands NP		44.475	-75.865	GPS		117				Canada	Ontario	Thousand Islands National Park	Jones Creek by Mallorytown	County Road 5										5361069	COI-5P	KM832544	TACAATATATATAATTTTTGGTATATGAGCTGCAATAGTTGGAACTGCCCTAAGAATGCTAATTCGCACAGAACTAGGGCAACCCGGCTCCTTAATAAATGATGACCAAATTTATAATGTCATTGTAACAGCCCATGCTTTTGTAATAATTTTTTTCATAGTCATACCTATTATAATTGGAGGATTCGGTAACTGGCTAGTACCTTTAATATTAGGGGCCCCCGATATAGCTTTCCCACGCTTAAACAATATAAGATTTTGACTTTTACCCCCTTCATTTCTTTTATTATTATCCTCTGCTTTAGTAGAAAATGGGGCAGGGACAGGCTGGACCGTTTACCCTCCCCTATCTAGAAATATTGCACATACGGGGGCATCTGTAGATTTAACAATTTTCTCCTTGCACTTAGCGGGTGTTTCTTCTATTCTTGGAGCCATTAACTTTATTACAACCATCATTAATATACGAACACAAGGAATAATTTTAGAACGAATACCCCTCTTTGTATGGTCAGTAAAAATTACAGCAATCCTATTACTACTTTCTCTACCAGTCCTGGCAGGTGCCATCACTATACTACTAACAGATCGAAATTTTAATACCTCCTTCTTCGACCCAGCCGGAGGAGGTGACC-----------------------	5325699	CNSLL003-13[C_LepFolF,C_LepFolR]_R.ab1	http://trace.boldsystems.org/traceIO/bold.org/7172305	2013-08-08 21:57:39	Biodiversity Institute of Ontario	R	C_LepFolR	COI-5P
CNSLL004-13	BIOUG03760-F11	3451949	BIOUG03760-F11	GMP#00126	Centre for Biodiversity Genomics		BOLD:ABW0506	20	Arthropoda	63	Arachnida	24643	Opiliones	151797	Phalangiidae	361450	Phalangiinae	361453	Rilaena	361454	Rilaena triangularis			Monica R. Young	BIN Taxonomy Match			Vouchered:Registered Collection	Tissue		Parks Canada Staff				Sugar maple and white birch|3 days rain, mild temperatures	BIOUG:STLAW-NP	Malaise Trap	A		S	Forest			Thousand Islands NP		44.475	-75.865	GPS		117				Canada	Ontario	Thousand Islands National Park	Jones Creek by Mallorytown	County Road 5										5361168	COI-5P	KM833202	TACAATATATATAATTTTTGGTATATGAGCTGCAATAGTTGGAACTGCCCTAAGAATGCTAATTCGCACAGAACTAGGGCAACCCGGCTCCTTAATAAATGATGACCAAATTTATAATGTCATTGTAACAGCCCATGCTTTTGTAATAATTTTTTTCATAGTCATACCTATTATAATTGGAGGATTCGGTAACTGGCTAGTACCTTTAATATTAGGGGCCCCCGATATAGCTTTCCCACGCTTAAACAATATAAGATTTTGACTTTTACCCCCTTCATTTCTTTTATTATTATCCTCTGCTTTAGTAGAAAATGGGGCAGGGACAGGCTGGACCGTTTACCCTCCCCTATCTAGAAATATTGCACATACGGGGGCATCTGTAGATTTAACAATTTTCTCCTTGCACTTAGCGGGTGTTTCTTCTATTCTTGGAGCCATTAACTTTATTACAACCATCATTAATATACGAACACAAGGAATAATTTTAGAACGAATACCCCTCTTTGTATGGTCAGTAAAAATTACAGCAATCCTATTACTACTTTCTCTACCAGTCCTGGCAGGTGCCATCACTATACTACTAACAGATCGAAATTTTAATACCTCCTTCTTCGACCCAGCCGGAGGAGG----------------------------	5325700	CNSLL004-13[C_LepFolF,C_LepFolR]_R.ab1	http://trace.boldsystems.org/traceIO/bold.org/7172306	2013-08-08 21:57:39	Biodiversity Institute of Ontario	R	C_LepFolR	COI-5P
CNSLL008-13	BIOUG03760-G03	3451953	BIOUG03760-G03	GMP#00126	Centre for Biodiversity Genomics		BOLD:ABW0506	20	Arthropoda	63	Arachnida	24643	Opiliones	151797	Phalangiidae	361450	Phalangiinae	361453	Rilaena	361454	Rilaena triangularis			Monica R. Young	BIN Taxonomy Match			Vouchered:Registered Collection	Tissue		Parks Canada Staff				Sugar maple and white birch|3 days rain, mild temperatures	BIOUG:STLAW-NP	Malaise Trap	A		S	Forest			Thousand Islands NP		44.475	-75.865	GPS		117				Canada	Ontario	Thousand Islands National Park	Jones Creek by Mallorytown	County Road 5										5361055	COI-5P	KM826820	TACAATATATATAATTTTTGGTATATGAGCTGCAATAGTTGGAACTGCCCTAAGAATGCTAATTCGCACAGAACTAGGGCAACCCGGCTCCTTAATAAATGATGACCAAATTTATAATGTCATTGTAACAGCCCATGCTTTTGTAATAATTTTTTTCATAGTCATACCTATTATAATTGGAGGATTCGGTAACTGGCTAGTACCTTTAATATTAGGGGCCCCCGATATAGCTTTCCCACGCTTAAACAATATAAGATTTTGACTTTTACCCCCTTCATTTCTTTTATTATTATCCTCTGCTTTAGTAGAAAATGGGGCAGGGACAGGCTGGACCGTTTACCCTCCCCTATCTAGAAATATTGCACATACGGGGGCATCTGTAGATTTAACAATTTTCTCCTTGCACTTAGCGGGTGTTTCTTCTATTCTTGGAGCCATTAACTTTATTACAACCATCATTAATATACGAACACAAGGAATAATTTTAGAACGAATACCCCTCTTTGTATGGTCAGTAAAAATTACAGCAATCCTATTACTACTTTCTCTACCAGTCCTGGCAGGTGCCATCACTATACTACTAACAGATCGAAATTTTAATACCTCCTTCTTCGACCCAGCCGGAGGAGGTGACC-----------------------	5325704	CNSLL008-13[C_LepFolF,C_LepFolR]_R.ab1	http://trace.boldsystems.org/traceIO/bold.org/7172310	2013-08-08 21:57:39	Biodiversity Institute of Ontario	R	C_LepFolR	COI-5P
CNSLL009-13	BIOUG03760-G04	3451954	BIOUG03760-G04	GMP#00126	Centre for Biodiversity Genomics		BOLD:ABW0506	20	Arthropoda	63	Arachnida	24643	Opiliones	151797	Phalangiidae	361450	Phalangiinae	361453	Rilaena	361454	Rilaena triangularis			Monica R. Young	BIN Taxonomy Match			Vouchered:Registered Collection	Tissue		Parks Canada Staff				Sugar maple and white birch|3 days rain, mild temperatures	BIOUG:STLAW-NP	Malaise Trap	A		S	Forest			Thousand Islands NP		44.475	-75.865	GPS		117				Canada	Ontario	Thousand Islands National Park	Jones Creek by Mallorytown	County Road 5										5360895	COI-5P	KM836243	TACAATATATATAATTTTTGGTATATGAGCTGCAATAGTTGGAACTGCCCTAAGAATGCTAATTCGCACAGAACTAGGGCAACCCGGCTCCTTAATAAATGATGACCAAATTTATAATGTCATTGTAACAGCCCATGCTTTTGTAATAATTTTTTTCATAGTCATACCTATTATAATTGGAGGATTCGGTAACTGGCTAGTACCTTTAATATTAGGGGCCCCCGATATAGCTTTCCCACGCTTAAACAATATAAGATTTTGACTTTTACCCCCTTCATTTCTTTTATTATTATCCTCTGCTTTAGTAGAAAATGGGGCAGGGACAGGCTGGACCGTTTACCCTCCCCTATCTAGAAATATTGCACATACGGGGGCATCTGTAGATTTAACAATTTTCTCCTTGCACTTAGCGGGTGTTTCTTCTATTCTTGGAGCCATTAACTTTATTACAACCATCATTAATATACGAACACAAGGAATAATTTTAGAACGAATACCCCTCTTTGTATGGTCAGTAAAAATTACAGCAATCCTATTACTACTTTCTCTACCAGTCCTGGCAGGTGCCATCACTATACTACTAACAGATCGAAATTTTAATACCTCCTTCTTCGACCCAGCCGGAGGAG-----------------------------	5325705	CNSLL009-13[C_LepFolF,C_LepFolR]_R.ab1	http://trace.boldsystems.org/traceIO/bold.org/7172311	2013-08-08 21:57:39	Biodiversity Institute of Ontario	R	C_LepFolR	COI-5P
CNSLM006-13	BIOUG03760-H04	3472084	BIOUG03760-H04	GMP#00128	Centre for Biodiversity Genomics			20	Arthropoda	63	Arachnida	24643	Opiliones	151797	Phalangiidae	361450	Phalangiinae	361453	Rilaena	361454	Rilaena triangularis			Angela Telfer	BOLD ID Engine Manual (March 2016)			Vouchered:Registered Collection	Tissue		Parks Canada Staff				Sugar maple and white birch|hot, sunny week	BIOUG:STLAW-NP	Malaise Trap	A		S	Forest			Thousand Islands NP		44.475	-75.865	GPS		117				Canada	Ontario	Thousand Islands National Park	Jones Creek by Mallorytown	County Road 5										5413340	COI-5P		------------------------------------------------------------------------------------------------------------------------------------------------------------------------------------------------------------------------------------------------------------------------------------------------------------------------------------------------TTATCCCCCCCTATCTAGAAATATTGCACATACGGGAGCATCTGTAGATTTAACAATTTTCTCCTTACACTTAGCGGGTGTTTCTTCTATCCTTGGAGCCATTAACTTTATTACAACTATCATTAATATACGAACACAAGGAATAATTTTAGAACGAATACCCCTCTTTGTATGATCAGTAAAAATTACAGCAATCCTATTACTACTTTCTCTACCAGTTTTGGCAGGGGCCATTACTATACTACTAACAGATCGAAATTTTAATACCT---------------	5325717	CNSLM006-13[C_LepFolF,C_LepFolR]_R.ab1	http://trace.boldsystems.org/traceIO/bold.org/7172323	2013-08-08 21:57:39	Biodiversity Institute of Ontario	R	C_LepFolR	COI-5P
CNSLM008-13	BIOUG03760-H06	3472086	BIOUG03760-H06	GMP#00128	Centre for Biodiversity Genomics		BOLD:ABW0506	20	Arthropoda	63	Arachnida	24643	Opiliones	151797	Phalangiidae	361450	Phalangiinae	361453	Rilaena	361454	Rilaena triangularis			Monica R. Young	BIN Taxonomy Match			Vouchered:Registered Collection	Tissue		Parks Canada Staff				Sugar maple and white birch|hot, sunny week	BIOUG:STLAW-NP	Malaise Trap	A		S	Forest			Thousand Islands NP		44.475	-75.865	GPS		117				Canada	Ontario	Thousand Islands National Park	Jones Creek by Mallorytown	County Road 5										5360666	COI-5P	KM840722	TACAATATATATAATTTTTGGTATATGAGCTGCAATAGTTGGAACTGCCCTAAGAATGCTAATTCGCACAGAACTAGGGCAACCCGGCTCCTTAATAAATGATGACCAAATTTATAATGTCATTGTAACAGCCCATGCTTTTGTAATAATTTTTTTCATAGTCATACCTATTATAATTGGAGGATTCGGTAACTGGCTAGTACCTTTAATATTAGGGGCCCCCGATATAGCTTTCCCACGCTTAAACAATATAAGATTTTGACTTTTACCCCCTTCATTTCTTTTATTATTATCCTCTGCTTTAGTAGAAAATGGGGCAGGGACAGGCTGGACCGTTTACCCTCCCCTATCTAGAAATATTGCACATACGGGGGCATCTGTAGATTTAACAATTTTCTCCTTGCACTTAGCGGGTGTTTCTTCTATTCTTGGAGCCATTAACTTTATTACAACCATCATTAATATACGAACACAAGGAATAATTTTAGAACGAATACCCCTCTTTGTATGGTCAGTAAAAATTACAGCAATCCTATTACTACTTTCTCTACCAGTCCTGGCAGGTGCCATCACTATACTACTAACAGATCGAAATTTTAATACCTCCTTCTTCGACCCAGCCGGAGGAG-----------------------------	5325719	CNSLM008-13[C_LepFolF,C_LepFolR]_R.ab1	http://trace.boldsystems.org/traceIO/bold.org/7172325	2013-08-08 21:57:39	Biodiversity Institute of Ontario	R	C_LepFolR	COI-5P
CNSLM017-13	BIOUG06354-H06	3472095	BIOUG06354-H06	GMP#00128	Centre for Biodiversity Genomics		BOLD:ABW0506	20	Arthropoda	63	Arachnida	24643	Opiliones	151797	Phalangiidae	361450	Phalangiinae	361453	Rilaena	361454	Rilaena triangularis			Monica R. Young	BIN Taxonomy Match			Vouchered:Registered Collection	Tissue		Parks Canada Staff				Sugar maple and white birch|hot, sunny week	BIOUG:STLAW-NP	Malaise Trap	A		S	Forest			Thousand Islands NP		44.475	-75.865	GPS		117				Canada	Ontario	Thousand Islands National Park	Jones Creek by Mallorytown	County Road 5										5624489	COI-5P	KM827721	---------TATAATTTTTGGTATATGAGCTGCAATAGTTGGAACTGCCCTAAGAATGCTAATTCGCACAGAACTAGGGCAACCCGGCTCC------TTAATAAATGATGACCAAATTTATAATGTCATTGTAACAGCCCATGCTTTTGTAATAATTTTTTTCATAGTCATACCTATTATAATTGGAGGATTCGGTAACTGGCTAGTACCTTTAATATTAGGGGCCCCCGATATAGCTTTCCCACGCTTAAACAATATAAGATTTTGACTTTTACCCCCTTCATTTCTTTTATTATTATCCTCTGCTTTAGTAGAAAATGGGGCA---GGGACAGGCTGGACCGTTTACCCTCCCCTATCTAGAAATATTGCACATACGGGGGCATCTGTAGATTTAACAATTTTCTCCTTGCACTTAGCGGGTGTTTCTTCTATTCTTGGAGCCATTAACTTTATTACAACCATCATTAATATACGA---ACACAAGGAATAATT------------------TTAGAACGAATACCCCTCTTTGTATGGTCAGTAAAAATTACAGCAATCCTATTACTACTTTCTCTACCAGTCCTGGCAGGTGCCATCACTATACT-----------------------------------------------------------------------	5505250	CNSLM017-13[C_LepFolF,C_LepFolR]_R.ab1	http://trace.boldsystems.org/traceIO/bold.org/7351777	2013-09-13 08:11:26	Biodiversity Institute of Ontario	R	C_LepFolR	COI-5P
CNSLM018-13	BIOUG06354-H07	3472096	BIOUG06354-H07	GMP#00128	Centre for Biodiversity Genomics		BOLD:ABW0506	20	Arthropoda	63	Arachnida	24643	Opiliones	151797	Phalangiidae	361450	Phalangiinae	361453	Rilaena	361454	Rilaena triangularis			Monica R. Young	BIN Taxonomy Match			Vouchered:Registered Collection	Tissue		Parks Canada Staff				Sugar maple and white birch|hot, sunny week	BIOUG:STLAW-NP	Malaise Trap	A		S	Forest			Thousand Islands NP		44.475	-75.865	GPS		117				Canada	Ontario	Thousand Islands National Park	Jones Creek by Mallorytown	County Road 5										5622145	COI-5P	KM828627	TACAATATATATAATTTTTGGTATATGAGCTGCAATAGTTGGAACTGCCCTAAGAATGCTAATTCGCACAGAACTAGGGCAACCCGGCTCC------TTAATAAATGATGACCAAATTTATAATGTCATTGTAACAGCCCATGCTTTTGTAATAATTTTTTTCATAGTCATACCTATTATAATTGGAGGATTCGGTAACTGGCTAGTACCTTTAATATTAGGGGCCCCCGATATAGCTTTCCCACGCTTAAACAATATAAGATTTTGACTTTTACCCCCTTCATTTCTTTTATTATTATCCTCTGCTTTAGTAGAAAATGGGGCA---GGGACAGGCTGGACCGTTTACCCTCCCCTATCTAGAAATATTGCACATACGGGGGCATCTGTAGATTTAACAATTTTCTCCTTGCACTTAGCGGGTGTTTCTTCTATTCTTGGAGCCATTAACTTTATTACAACCATCATTAATATACGA---ACACAAGGAATAATT------------------TTAGAACGAATACCCCTCTTTGTATGGTCAGTAAAAATTACAGCAATCCTATTACTACTTTCTCTACCAGTCCTGGCAGGTGCCATCACTATACT-----------------------------------------------------------------------	5505251	CNSLM018-13[C_LepFolF,C_LepFolR]_R.ab1	http://trace.boldsystems.org/traceIO/bold.org/7351778	2013-09-13 08:11:26	Biodiversity Institute of Ontario	R	C_LepFolR	COI-5P
GBBSP1394-15	ZFMK-TIS-2505003	6363278	ZFMK-TIS-2505003		Zoologisches Forschungsmuseum Alexander Koenig		BOLD:ABW0506	20	Arthropoda	63	Arachnida	24643	Opiliones	151797	Phalangiidae	361450	Phalangiinae	361453	Rilaena	361454	Rilaena triangularis			Christoph Muster							GBOL-Team ZFMK						Handfang	adult	F		Regenmoor-Reliktfläche				http://id.zfmk.de/collection_ZFMK/2505003/838482/132943	53.71	8.8	GPS	200	11				Germany	Lower Saxony	Lower Saxony		Suederleda/Ahlenmoor										7876191	COI-5P	KY269508	TACAATATATATAATTTTTGGTATATGAGCTGCAATAGTTGGAACTGCCCTAAGAATGCTAATTCGCACAGAACTAGGGCAACCCGGCTCCTTAATAAATGATGACCAAATTTATAATGTCATTGTAACAGCCCATGCTTTTGTAATAATTTTTTTCATAGTCATACCTATTATAATTGGAGGATTCGGTAACTGGCTAGTACCTTTAATATTAGGGGCTCCCGATATAGCTTTCCCACGCTTAAACAACATAAGATTTTGACTTTTACCCCCTTCATTTCTTTTATTATTATCCTCTGCTTTAGTAGAAAATGGGGCAGGGACAGGCTGGACCGTTTATCCTCCCCTATCTAGAAATATTGCACATACGGGGGCATCTGTAGATTTAACAATTTTCTCCCTGCACTTAGCGGGTGTTTCTTCTATTCTTGGAGCCATTAACTTTATTACAACCATCATTAATATACGAACACAAGGAATAATTTTAGAACGAATACCCCTTTTTGTATGGTCAGTAAAAATTACAGCAATCCTATTACTACTTTCTCTACCAGTCCTGGCAGGTGCCATCACTATACTACTAACAGATCGAAATTTTAATACCTCCTTCTTCGACCCAGCCGGAGGAGGTGACCCCATCTTATACCAACATCTATTT	9414268|9414269	ZFMK-TIS-2505003__HCO2198-JJ_A63544_F04_1408015730G.ab1|ZFMK-TIS-2505003__LCO1490-JJ_A63544_F04_1408015730G.ab1	http://trace.boldsystems.org/traceIO/bold.org/11233017|http://trace.boldsystems.org/traceIO/bold.org/11233018	2014-08-27 19:49:08|2014-08-27 15:53:42	Macrogen Inc., Korea|Macrogen Inc., Korea	r|f	HCO2198-JJ|LCO1490-JJ	COI-5P|COI-5P
GBBSP1795-15	ZFMK-TIS-2531575	6363679	ZFMK-TIS-2531575		Zoologisches Forschungsmuseum Alexander Koenig		BOLD:ABW0506	20	Arthropoda	63	Arachnida	24643	Opiliones	151797	Phalangiidae	361450	Phalangiinae	361453	Rilaena	361454	Rilaena triangularis			Lars Friman							GBOL-Team ZFMK						Handfang	adult	F						http://id.zfmk.de/collection_ZFMK/2531575/838008/132328	53.4	12.87	GPS		74				Germany	Mecklenburg-Vorpommern	Nationalpark Mueritz		Windwurfflaeche										7876611	COI-5P	KY269634	TACAATATATATAATTTTTGGTATATGAGCTGCAATAGTTGGAACTGCCCTAAGAATGCTAATTCGCACAGAACTAGGGCAACCCGGCTCCTTAATAAATGATGACCAAATTTATAATGTCATTGTAACAGCCCATGCTTTTGTAATAATTTTTTTCATAGTCATACCTATTATAATTGGAGGATTCGGTAACTGGCTAGTACCTTTAATATTAGGGGCTCCCGATATAGCTTTCCCACGCTTAAACAACATAAGATTTTGACTTTTACCCCCTTCATTTCTTTTATTATTATCCTCTGCTTTAGTAGAAAATGGGGCAGGGACAGGCTGGACCGTTTATCCTCCCCTATCTAGAAATATTGCACATACGGGGGCATCTGTAGATTTAACAATTTTCTCCCTGCACTTAGCGGGTGTTTCTTCTATTCTTGGAGCCATTAACTTTATTACAACCATCATTAATATACGAACACAAGGAATAATTTTAGAACGAATACCCCTTTTTGTATGGTCAGTAAAAATTACAGCAATCCTATTACTACTTTCTCTACCAGTCCTGGCAGGTGCCATCACTATACTACTAACAGATCGAAATTTTAATACCTCCTTCTTCGACCCAGCCGGAGGAGGTGACCCCATCTTATACCAACATCTATTT	9415070|9415071	ZFMK-TIS-2531575__HCO2198-JJ_A63544_G04_1410002931G.ab1|ZFMK-TIS-2531575__LCO1490-JJ_A63544_G04_1410002931G.ab1	http://trace.boldsystems.org/traceIO/bold.org/11233819|http://trace.boldsystems.org/traceIO/bold.org/11233820	2014-10-25 15:55:55|2014-10-25 12:00:18	Macrogen Inc., Korea|Macrogen Inc., Korea	r|f	HCO2198-JJ|LCO1490-JJ	COI-5P|COI-5P
GBBSP541-15	ZFMK-TIS-2472	6362425	ZFMK-TIS-2472		Zoologisches Forschungsmuseum Alexander Koenig		BOLD:ABW0506	20	Arthropoda	63	Arachnida	24643	Opiliones	151797	Phalangiidae	361450	Phalangiinae	361453	Rilaena	361454	Rilaena triangularis			Christoph Muster					1 leg + tissue fragments		GBOL-Team ZFMK						Handfang	adult	M		strukturreiches Offenland				http://id.zfmk.de/collection_ZFMK/2472/497422/68520	51.18	13.6	Google Earth	500	198				Germany	Saxony	Weinboehla		Umgebung Mistschaenke bei Weinboehla										7875974	COI-5P	KY269743	TACAATATATATAATTTTTGGTATATGAGCTGCAATAGTTGGAACTGCCCTAAGAATGCTAATTCGCACAGAACTAGGGCAACCCGGCTCCTTAATAAATGATGACCAAATTTATAATGTCATTGTAACAGCCCATGCTTTTGTAATAATTTTTTTCATAGTCATACCTATTATAATTGGAGGATTCGGTAACTGGCTAGTACCTTTAATATTAGGGGCCCCCGATATAGCTTTCCCACGCTTAAACAACATAAGATTTTGACTTTTACCCCCTTCATTTCTTTTATTATTATCCTCTGCTTTAGTAGAAAATGGGGCAGGGACAGGCTGGACCGTTTATCCTCCCCTATCTAGAAATATTGCACATACGGGGGCATCTGTAGATTTAACAATTTTCTCCTTGCACTTAGCGGGTGTTTCTTCTATTCTTGGAGCCATTAACTTTATTACAACCATCATTAATATACGAACACAAGGAATAATTTTAGAACGAATACCCCTCTTTGTATGGTCAGTAAAAATTACAGCAATCCTATTACTACTTTCTCTACCAGTCCTGGCAGGTGCCATCACTATACTACTAACAGATCGAAATTTTAATACCTCCTTCTTCGACCCAGCCGGAGGAGGTGACCCCATCTTATACCAACATCTATTT	9411864|9411865	ZFMK-TIS-2472__HCO2198-JJ_A63544_C04_1409004827G.ab1|ZFMK-TIS-2472__LCO1490-JJ_A63544_C04_1409004827G.ab1	http://trace.boldsystems.org/traceIO/bold.org/11230613|http://trace.boldsystems.org/traceIO/bold.org/11230614	2014-09-19 14:37:53|2014-09-18 17:02:40	Macrogen Inc., Korea|Macrogen Inc., Korea	r|f	HCO2198-JJ|LCO1490-JJ	COI-5P|COI-5P
GMFID717-12	BIOUG03997-F04	3041257	BIOUG03997-F04	GMP#00460	Centre for Biodiversity Genomics		BOLD:ABW0506	20	Arthropoda	63	Arachnida	24643	Opiliones	151797	Phalangiidae	361450	Phalangiinae	361453	Rilaena	361454	Rilaena triangularis			Angela Telfer	BOLD ID Engine Manual (April 2016)			Vouchered:Registered Collection			Marko Mutanen					BIOUG:OULU	Malaise Trap									65.148	25.838	GPS						Finland	Northern Ostrobothnia	Oulu, NE of Kiiminki												5298532	COI-5P		---------------------------------------------------------------------------------------------------------------------------------------------------------------------------------------------------------------------------------------------ACGCTTAAACAACATAAGATTTTGACTTTTACCCCCTTCATTTCTTTTATTATTATCCTCTGCTTTAGTAGAAAATGGGGCAGGGACAGGCTGGACCGTTTATCCTCCCCTATCTAGAAATATTGCACATACGGGGGCATCTGTAGATTTAACAATTTTCTCCTTGCACTTAGCGGGTGTTTCTTCTATTCTTGGAGCCATTAACTTTATTACAACCATCATTAATATACGAACACAAGGAATAATTTTAGAACGAATACCCCTCTTTGTATGGTCAGTAAAAATTACAGCAATCCTATTACTACTTTCTCTACCAGTCCTGGCAGGTGCCATCACTATACTACTAACAGATCGAAATTTTAATACCTCCTTCTTCGACCCAGCCGGAGGAGGT	5226055	GMFID717-12[RonMWASPdeg_t1,LepR1]_R.ab1	http://trace.boldsystems.org/traceIO/bold.org/7072657	2013-03-25 16:26:41	Biodiversity Institute of Ontario	R	LepR1	COI-5P
OPPHE028-17	BIOUG35796-G11	8240634	BIOUG35796-G11	GMP#03671	Centre for Biodiversity Genomics		BOLD:ABW0506	20	Arthropoda	63	Arachnida	24643	Opiliones	151797	Phalangiidae	361450	Phalangiinae	361453	Rilaena	361454	Rilaena triangularis			Kate Perez	BIN Taxonomy Match (Dec 2017)			Vouchered:Registered Collection	Tissue		CBG Collections Staff					BIOUG:BONECHO-PP	Malaise trap				Forest			SEQUELBIN-794|Bon Echo PP - Site 1|Read:1		44.8941	-77.1969	GPS		278				Canada	Ontario	Cloyne	Bon Echo Provincial Park	Site 1										9561806	COI-5P		TACAATATATATAATCTTTGGTATATGAGCTGCAATAGTTGGAACTGCCCTAAGAATGCTAATTCGCACAGAACTAGGGCAACCCGGCTCCTTAATAAATGATGACCAAATTTATAATGTCATTGTAACAGCCCATGCTTTTGTAATAATTTTTTTCATAGTCATACCTATTATAATTGGAGGATTCGGTAACTGGCTAGTACCTTTAATATTAGGGGCCCCCGATATAGCTTTCCCACGCTTAAACAACATAAGATTTTGACTTTTACCCCCTTCATTTCTTTTATTATTATCCTCTGCTTTAGTAGAAAATGGGGCAGGGACAGGCTGGACCGTTTATCCTCCCCTATCTAGAAATATTGCACATACGGGGGCATCTGTAGATTTAACAATTTTCTCCTTGCACTTAGCGGGTGTTTCTTCTATTCTTGGAGCCATTAACTTTATTACAACCACCATTAATATACGAACACAAGGAATAATTTTAGAACGAATACCCCTCTATGTATGGTCAGTAAAAATTACAGCAATCCTATTACTACTTTCTCTACCAGTCCTGGCAGGTGCCATCACTATACTACTAACAGATCGAAATTTTAATACCTCCTTCTTCGACCCAGCCGGAGGAGGTGACCCCATCTTATACCAACATCTATTT								
OPPKC152-17	BIOUG32883-H06	7749933	BIOUG32883-H06	GMP#03709	Centre for Biodiversity Genomics		BOLD:ADI1206	20	Arthropoda	63	Arachnida	24643	Opiliones	151797	Phalangiidae	361450	Phalangiinae	361453	Rilaena					Kate Perez	BOLD ID Engine Manual (Dec 2017)			Vouchered:Registered Collection	Tissue		CBG Collections Staff				By creek	BIOUG:CHARLESTONLAKE-PP	Malaise trap				Forest			SEQUELBIN-10374|Charleston Lake PP|Reads:3		44.498	-76.0414			93				Canada	Ontario	Lansdowne	Charleston Lake Provincial Park		3240808	http://www.boldsystems.org/pics/OPPKC/BIOUG32883-H06+1512746712.JPG	temp		CBG Photography Group	2017	CreativeCommons - Attribution Non-Commercial Share-Alike	Centre for Biodiversity Genomics	CBG Photography Group	9356371	COI-5P		TACAATATATATAATTTTTGGTATATGAGCTGCAATAGTGGGAACCGCCCTAAGAATACTAATTCGCACAGAACTAGGACAACCCGGCTCCTTAATAAATGATGACCAAATTTATAATGTCATTGTAACAGCCCATGCTTTTGTAATAATTTTCTTTATAGTCATACCAATTATAATTGGAGGATTTGGCAACTGGCTAGTACCTTTAATATTAGGGGCCCCCGATATAGCTTTCCCACGCTTAAACAATATAAGATTTTGACTATTACCCCCTTCATTTATTTTACTACTATCCTCTGCTTTAGTAGAAAATGGAGCAGGAACAGGCTGGACAGTTTACCCCCCATTATCTAGAAATATCGCACATACAGGAGCATCTGTAGATTTAACAATTTTCTCCTTGCACTTAGCAGGTGTCTCTTCTATCCTTGGAGACATTAACTTTATTACAACCATCATTAACATACGAACACAAGGAATAATTTTAGAACGAATACCCCTCTTTGTATGATCAGTAAAAATTACAGCAATCCTAGTACTACTTTCTCTACCAGTCCTTGCAGATGCCATTACCATACTACTAACAGATCGAAATTTTAATACCTCCTTCTTCGACCCAGCAGGAGGAGGTGACCCTATTTTATACCAACATCTATTT								
OPPKC154-17	BIOUG32883-H08	7749935	BIOUG32883-H08	GMP#03709	Centre for Biodiversity Genomics		BOLD:ADI0704	20	Arthropoda	63	Arachnida	24643	Opiliones	151797	Phalangiidae	361450	Phalangiinae	361453	Rilaena	361454	Rilaena triangularis			Kate Perez	BIN Taxonomy Match (Mar 2018)			Vouchered:Registered Collection	Tissue		CBG Collections Staff				By creek	BIOUG:CHARLESTONLAKE-PP	Malaise trap				Forest			Charleston Lake PP|Reads:1		44.498	-76.0414			93				Canada	Ontario	Lansdowne	Charleston Lake Provincial Park											9356372	COI-5P		TACAATATATATAATTTTTGGTATATGAGCTGCAATAGTTGGAACTGCCCTAAGAATGTTAATTCGCACAGAACTAGGGCAACCCGGCTCCTTAATAAATGATGACCAAATTTATAATGTCATTGTAACAGCCCATGCTTTTGTAATAATTTTTTTTATAGTCATACCTATTATAATTGGAGGATTCGGCAACTGGCTAGTACCTTTAATATTAGGGGCCCCCGATATAGCTTTCCCACGCTTAAACAACATAAGATTTTGACTTTTACCCCCTTCATTTCTTTTACTACTATCCTCTGCTTTAGTAGAAAATGGGGCAGGGACAGGCTGGACAGTTTATCCCCCNCTATCTAGAAATATTGCACATACGGGAGCATCTGTAGATTTAACAATTTTCTCCTTACACTTAGCGGGTGTTTCTTCTATCCTTGGAGCCATTAACTTTATTACAACTATCATTAATATACGAACACAAGGAATAATTTTAGAACGAATACCCCTCTTTGTATGATCAGTAAAAATTACAGCAATCCTATTACTACTTTCTCTACCAGTTTTGGCAGGGGCCATTACTATACTACTAACAGATCGAAATTTTAATACCTCTTTCTTCGANCCAGCTGGAGGAGGTGACCCTATTTTATACCAACATCTATTT------								
OPPKC155-17	BIOUG32883-H09	7749936	BIOUG32883-H09	GMP#03709	Centre for Biodiversity Genomics		BOLD:ADH9176	20	Arthropoda	63	Arachnida	24643	Opiliones	151797	Phalangiidae	361450	Phalangiinae	361453	Rilaena	361454	Rilaena triangularis			Kate Perez	BIN Taxonomy Match (Aug 2017)			Vouchered:Registered Collection	Tissue		CBG Collections Staff				By creek	BIOUG:CHARLESTONLAKE-PP	Malaise trap				Forest			SEQUELBIN-795|Charleston Lake PP|Reads:3		44.498	-76.0414			93				Canada	Ontario	Lansdowne	Charleston Lake Provincial Park											9356373	COI-5P		TACAATATATATAATTTTTGGTATATGAGCTGCAATAGTTGGAACTGCTCTAAGAATACTAATTCGCACAGAACTAGGGCAACCCGGCTCCTTAATAAATGATGACCAAATTTATAATGTCATTGTAACAGCCCATGCTTTTGTAATAATTTTTTTTATAGTCATACCTATTATAATTGGAGGATTTGGCAACTGGCTAGTACCTTTAATATTAGGGGCCCCCGATATAGCTTTCCCACGCTTAAACAACATAAGATTTTGACTTTTACCCCCTTCATTTCTTTTATTACTATCCTCTGCTTTAGTAGAAAATGGAGCAGGGACAGGCTGGACAGTTTATCCCCCCTTATCTAGAAATATTGCACATACGGGAGCATCTGTAGATTTAACAATTTTCTCCTTGCACTTAGCGGGTGTTTCTTCTATCCTTGGAGCCATTAACTTTATTACAACCATCATTAATATACGAACACAAGGAATAATTTTAGAACGAATACCCCTCTTTGTATGATCAGTAAAAATTACAGCAATTCTATTACTACTTTCTCTACCAGTCCTTGCAGGTGCCATTACTATACTACTAACAGATCGAAATTTTAATACCTCCTTCTTCGACCCAGCCGGAGGAGGTGACCCTATTTTATACCAACATCTATTT								
OPPOA371-17	BIOUG32796-H02	7710423	BIOUG32796-H02	GMP#03739	Centre for Biodiversity Genomics		BOLD:ABW0506	20	Arthropoda	63	Arachnida	24643	Opiliones	151797	Phalangiidae	361450	Phalangiinae	361453	Rilaena	361454	Rilaena triangularis			Kate Perez	BIN Taxonomy Match (Mar 2018)			Vouchered:Registered Collection	Tissue		CBG Collections Staff				cedar, balsam fir, grassland combination	BIOUG:FERRIS-PP	Malaise trap				Mixed habitat			Ferris PP|Reads:1		44.2829	-77.7963			131				Canada	Ontario	Warsaw	Ferris Provincial Park											9304752	COI-5P		TACAATATATATAATTTTTGGTATATGAGCTGCAATAGTTGGAACTGCCCTAAGAATGCTAATTCGCACAGAACTAGGGCAACCCGGCTCCTTAATAAATGATGACCAAATTTATAATGTCATTGTAACAGCCCATGCTTTTGTAATAATTTTTTNCATAGTCATACCTATTATAATTGGAGGATTCGGTAACTGGCTAGTACCTTTAATATTAGGGGCCCCCGATATAGCTTTCCCACGCTTAAACAACATAAGATTTTGACTTTTACCCCCTTCATTTCTTTTATTGTTATCCTCTGCTTTAGTAGAAAATGGGGCAGGGACAGGCTGGACCGTTTATCCTCCCCTATCTAGAAATATTGCACATACGGGGGCATCTGTAGATTTAACAATTTTCTCCTTGCACTTAGCGGGTGTTTCTTCTATTCTTGGAGCCATTAACTTTATTACAACCATCATTAATATACCAACACAAGGAATAATTTTAGAACGAATACCCCTCTTTGTATGGTCAGTAAAAATTACAGCAATCCTATTACTACTTTCTCTACCAGTCCTGGCAGGTGCCGTCACTATACTACTAACAGATCGAAATTTTAATACCTCCTTCTTCGACCCAGCCGGAGGAGGTGACCCCATCTTATACCAACATCTATTT------								
OPPOA373-17	BIOUG32796-H04	7710425	BIOUG32796-H04	GMP#03739	Centre for Biodiversity Genomics		BOLD:ABW0506	20	Arthropoda	63	Arachnida	24643	Opiliones	151797	Phalangiidae	361450	Phalangiinae	361453	Rilaena	361454	Rilaena triangularis			Kate Perez	BIN Taxonomy Match (Aug 2017)			Vouchered:Registered Collection	Tissue		CBG Collections Staff				cedar, balsam fir, grassland combination	BIOUG:FERRIS-PP	Malaise trap				Mixed habitat			SEQUELBIN-794|Ferris PP|Reads:4		44.2829	-77.7963			131				Canada	Ontario	Warsaw	Ferris Provincial Park											9304754	COI-5P		TACAATATATATAATTTTTGGTATATGAGCTGCAATAGTTGGAACTGCCCTAAGAATGCTAATTCGCACAGAACTAGGGCAACCCGGCTCCTTAATAAATGATGACCAAATTTATAATGTCATTGTAACAGCCCATGCTTTTGTAATAATTTTTTTCATAGTCATACCTATTATAATTGGAGGATTCGGTAACTGGCTAGTACCTTTAATATTAGGGGCCCCCGATATAGCTTTCCCACGCTTAAACAACATAAGATTTTGACTTTTACCCCCTTCATTTCTTTTATTATTATCCTCTGCTTTAGTAGAAAATGGGGCAGGGACAGGCTGGACCGTTTATCCTCCCCTATCTAGAAATATTGCACATACGGGGGCATCTGTAGATTTAACAATTTTCTCCTTGCACTTAGCGGGTGTTTCTTCTATTCTTGGAGCCATTAACTTTATTACAACCATCATTAATATACGAACACAAGGAATAATTTTAGAACGAATACCCCTCTTTGTATGGTCAGTAAAAATTACAGCAATCCTATTACTACTTTCTCTACCAGTCCTGGCAGGTGCCATCACTATACTACTAACAGATCGAAATTTTAATACCTCCTTCTTCGACCCAGCCGGAGGAGGTGACCCCATCTTATACCAACATCTATTT								
OPPOC556-17	BIOUG33065-G04	7756328	BIOUG33065-G04	GMP#03741	Centre for Biodiversity Genomics		BOLD:ABW0506	20	Arthropoda	63	Arachnida	24643	Opiliones	151797	Phalangiidae	361450	Phalangiinae	361453	Rilaena	361454	Rilaena triangularis			Kate Perez	BIN Taxonomy Match (Aug 2017)			Vouchered:Registered Collection	Tissue		CBG Collections Staff				cedar, balsam fir, grassland combination	BIOUG:FERRIS-PP	Malaise trap				Mixed habitat			SEQUELBIN-794|Ferris PP|Reads:10		44.2829	-77.7963			131				Canada	Ontario	Warsaw	Ferris Provincial Park											9341299	COI-5P		TACAATATATATAATTTTTGGTATATGAGCTGCAATAGTTGGAACTGCCCTAAGAATGCTAATTCGCACAGAACTAGGGCAACCCGGCTCCTTAATAAATGATGACCAAATTTATAATGTCATTGTAACAGCCCATGCTTTTGTAATAATTTTTTTCATAGTCATACCTATTATAATTGGAGGATTCGGTAACTGGCTAGTACCTTTAATATTAGGGGCCCCCGATATAGCTTTCCCACGCTTAAACAACATAAGATTTTGACTTTTACCCCCTTCATTTCTTTTATTATTATCCTCTGCTTTAGTAGAAAATGGGGCAGGGACAGGCTGGACCGTTTATCCTCCCCTATCTAGAAATATTGCACATACGGGGGCATCTGTAGATTTAACAATTTTCTCCTTGCACTTAGCGGGTGTTTCTTCTATTCTTGGAGCCATTAACTTTATTACAACCATCATTAATATACGAACACAAGGAATAATTTTAGAACGAATACCCCTCTTTGTATGGTCAGTAAAAATTACAGCAATCCTATTACTACTTTCTCTACCAGTCCTGGCAGGTGCCATCACTATACTACTAACAGATCGAAATTTTAATACCTCCTTCTTCGACCCAGCCGGAGGAGGTGACCCCATCTTATACCAACATCTATTT								
OPPOC557-17	BIOUG33065-G05	7756329	BIOUG33065-G05	GMP#03741	Centre for Biodiversity Genomics		BOLD:ABW0506	20	Arthropoda	63	Arachnida	24643	Opiliones	151797	Phalangiidae	361450	Phalangiinae	361453	Rilaena	361454	Rilaena triangularis			Kate Perez	BIN Taxonomy Match (Aug 2017)			Vouchered:Registered Collection	Tissue		CBG Collections Staff				cedar, balsam fir, grassland combination	BIOUG:FERRIS-PP	Malaise trap				Mixed habitat			SEQUELBIN-794|Ferris PP|Reads:7		44.2829	-77.7963			131				Canada	Ontario	Warsaw	Ferris Provincial Park											9341300	COI-5P		TACAATATATATAATTTTTGGTATATGAGCTGCAATAGTTGGAACTGCCCTAAGAATGCTAATTCGCACAGAACTAGGGCAACCCGGCTCCTTAATAAATGATGACCAAATTTATAATGTCATTGTAACAGCCCATGCTTTTGTAATAATTTTTTTCATAGTCATACCTATTATAATTGGAGGATTCGGTAACTGGCTAGTACCTTTAATATTAGGGGCCCCCGATATAGCTTTCCCACGCTTAAACAACATAAGATTTTGACTTTTACCCCCTTCATTTCTTTTATTATTATCCTCTGCTTTAGTAGAAAATGGGGCAGGGACAGGCTGGACCGTTTATCCTCCCCTATCTAGAAATATTGCACATACGGGGGCATCTGTAGATTTAACAATTTTCTCCTTGCACTTAGCGGGTGTTTCTTCTATTCTTGGAGCCATTAACTTTATTACAACCATCATTAATATACGAACACAAGGAATAATTTTAGAACGAATACCCCTCTTTGTATGGTCAGTAAAAATTACAGCAATCCTATTACTACTTTCTCTACCAGTCCTGGCAGGTGCCATCACTATACTACTAACAGATCGAAATTTTAATACCTCCTTCTTCGACCCAGCCGGAGGAGGTGACCCCATCTTATACCAACATCTATTT								
PEISP435-15	BIOUG25733-G05	6468147	BIOUG25733-G05	L#13BIOBUS-0226	Centre for Biodiversity Genomics		BOLD:ABW0506	20	Arthropoda	63	Arachnida	24643	Opiliones	151797	Phalangiidae	361450	Phalangiinae	361453	Rilaena	361454	Rilaena triangularis			Monica R. Young	BIN Taxonomy Match			Vouchered:Registered Collection	Whole Voucher		BIObus 2013				hand collecting|overcast, drizzly|mixed wood forest, red maple, white birch, yellow birch		Free Hand	A		S	Forest			Prince Edward Island NP		46.444	-62.708	GPSmap 60Cx		6				Canada	Prince Edward Island	Prince Edward Island National Park	Greenwich Dunes Trail											8011660	COI-5P	MF809411	TACAATATATATAATTTTTGGTATATGAGCTGCAATAGTTGGAACTGCCCTAAGAATGCTAATTCGCACAGAACTAGGGCAACCCGGCTCCTTAATAAATGATGACCAAATTTATAATGTCATTGTAACAGCCCATGCTTTTGTAATAATTTTTTTCATAGTCATACCTATTATAATTGGAGGATTCGGTAACTGGCTAGTACCTTTAATATTAGGGGCCCCCGATATAGCTTTCCCACGCTTAAACAATATAAGATTTTGACTTTTACCCCCTTCATTTCTTTTATTATTATCCTCTGCTTTAGTAGAAAATGGGGCAGGGACAGGCTGGACCGTTTACCCTCCCCTATCTAGAAATATTGCACATACGGGGGCATCTGTAGATTTAACAATTTTCTCCTTGCACTTAGCGGGTGTTTCTTCTATTCTTGGAGCCATTAACTTTATTACAACCATCATTAATATACGAACACAAGGAATAATTTTAGAACGAATACCCCTCTTTGTATGGTCAGTAAAAATTACAGCAATCCTATTACTACTTTCTCTACCAGTCCTGGCAGGTGCCATCACTATACTACTAACAGATCGAAATTTTAATACCTCCTTCTTCGACCCAGC-------------------------------------	8573796	PEISP435-15[C_LepFolF,C_LepFolR]_R.ab1	http://trace.boldsystems.org/traceIO/bold.org/10392506	2015-10-27 23:36:20	Biodiversity Institute of Ontario	R	C_LepFolR	COI-5P
PEISP436-15	BIOUG25733-G06	6468148	BIOUG25733-G06	L#13BIOBUS-0251	Centre for Biodiversity Genomics		BOLD:ABW0506	20	Arthropoda	63	Arachnida	24643	Opiliones	151797	Phalangiidae	361450	Phalangiinae	361453	Rilaena	361454	Rilaena triangularis			Monica R. Young	BIN Taxonomy Match			Vouchered:Registered Collection	Whole Voucher		BIObus 2013				hand collecting|overcast|mixed wood		Free Hand	A		S	Forest			Prince Edward Island NP		46.416	-63.096	GPSmap 60Cx		27				Canada	Prince Edward Island	Prince Edward Island National Park	Farmlands Trail											8011460	COI-5P	MF809716	TTGGTACAATATATATAATTTTTGGTATATGAGCTGCAATAGTTGGAACTGCCCTAAGAATGCTAATTCGCACAGAACTAGGGCAACCCGGCTCCTTAATAAATGATGACCAAATTTATAATGTCATTGTAACAGCCCATGCTTTTGTAATAATTTTTTTCATAGTCATACCTATTATAATTGGAGGATTCGGTAACTGGCTAGTACCTTTAATATTAGGGGCCCCCGATATAGCTTTCCCACGCTTAAACAACATAAGATTTTGACTTTTACCCCCTTCATTTCTTTTATTATTATCCTCTGCTTTAGTAGAAAATGGGGCAGGGACAGGCTGGACCGTTTATCCTCCCCTATCTAGAAATATTGCACATACGGGGGCATCTGTAGATTTAACAATTTTCTCCTTGCACTTAGCGGGTGTTTCTTCTATTCTTGGAGCCATTAACTTTATTACAACCATCATTAATATACGAACACAAGGAATAATTTTAGAACGAATACCCCTCTTTGTATGGTCAGTAAAAATTACAGCAATCCTATTACTACTTTCTCTACCAGTCCTGGCAGGTGCCATCACTATACTACTAACAGAT	8573797	PEISP436-15[C_LepFolF,C_LepFolR]_R.ab1	http://trace.boldsystems.org/traceIO/bold.org/10392507	2015-10-27 23:36:20	Biodiversity Institute of Ontario	R	C_LepFolR	COI-5P
PEISP437-15	BIOUG25733-G07	6468149	BIOUG25733-G07	L#13BIOBUS-0251	Centre for Biodiversity Genomics		BOLD:ABW0506	20	Arthropoda	63	Arachnida	24643	Opiliones	151797	Phalangiidae	361450	Phalangiinae	361453	Rilaena	361454	Rilaena triangularis			Monica R. Young	BIN Taxonomy Match			Vouchered:Registered Collection	Whole Voucher		BIObus 2013				hand collecting|overcast|mixed wood		Free Hand	A		S	Forest			Prince Edward Island NP		46.416	-63.096	GPSmap 60Cx		27				Canada	Prince Edward Island	Prince Edward Island National Park	Farmlands Trail											8012835	COI-5P	MF813339	--------------------------GAGCTGCAATAGTTGGAACTGCCCTAAGAATGCTAATTCGCACAGAACTAGGGCAACCCGGCTCCTTAATAAATGATGACCAAATTTATAATGTCATTGTAACAGCCCATGCTTTTGTAATAATTTTTTTCATAGTCATACCTATTATAAATGGAGGATTTGGGTACTGGCTAGTACCTTTAATATTAGGGGCCCCCGATATAGCTTTCCCACGCTTAAACAACATAAGATTTTGACTTTTACCCCCTTCATTTCTTTTATTATTATCCTCTGCTTTAGTAGAAAATGGGGCAGGGACAGGCTGGACCGTTTATCCTCCCCTATCTAGAAATATTGCACATACGGGGGCATCTGTAGATTTAACAATTTTCTCCTTGCACTTAGCGGGTGTTTCTTCTATTCTTGGAGCCATTAACTTTATTACAACCATCATTAATATACGAACACAAGGAATAATTTTAGAACGAATACCCCTCTTTGTATGGTCAGTAAAAATTACAGCAATCCTATTACTACTTTCTCTACCAGTCCTGGCAGGTGCCATCACTATACTACTAACAGATCGAAATTTTAAT---------------------------------------------------------	8573798	PEISP437-15[C_LepFolF,C_LepFolR]_R.ab1	http://trace.boldsystems.org/traceIO/bold.org/10392508	2015-10-27 23:36:20	Biodiversity Institute of Ontario	R	C_LepFolR	COI-5P
PEISP438-15	BIOUG25733-G09	6468150	BIOUG25733-G09	L#13BIOBUS-0191	Centre for Biodiversity Genomics		BOLD:ABW0506	20	Arthropoda	63	Arachnida	24643	Opiliones	151797	Phalangiidae	361450	Phalangiinae	361453	Rilaena	361454	Rilaena triangularis			Monica R. Young	BIN Taxonomy Match			Vouchered:Registered Collection	Whole Voucher		BIObus 2013				hand collecting|sunny, clear sky|mixed wood forest with some open grassy fields		Free Hand	A		S	Forest			Prince Edward Island NP		46.488	-63.382	GPSmap 60Cx		1				Canada	Prince Edward Island	Prince Edward Island National Park	Green Gables, Haunted Wood Trail											8011744	COI-5P	MF813681	ATTGGTACAATATATATAATTTTTGGTATATGAGCTGCAATAGTTGGAACTGCCCTAAGAATGCTAATTCGCACAGAACTAGGGCAACCCGGCTCCTTAATAAATGATGACCAAATTTATAATGTCATTGTAACAGCCCATGCTTTTGTAATAATTTTTTTCATAGTCATACCTATTATAATTGGAGGATTCGGTAACTGGCTAGTACCTTTAATATTAGGGGCCCCCGATATAGCTTTCCCACGCTTAAACAATATAAGATTTTGACTTTTACCCCCTTCATTTCTTTTATTATTATCCTCTGCTTTAGTAGAAAATGGGGCAGGGACAGGCTGGACCGTTTACCCTCCCCTATCTAGAAATATTGCACATACGGGGGCATCTGTAGATTTAACAATTTTCTCCTTGCACTTAGCGGGTGTTTCTTCTATTCTTGGAGCCATTAACTTTATTACAACCATCATTAATATACGAACACAAGGAATAATTTTAGAACGAATACCCCTCTTTGTATGGTCAGTAAAAATTACAGCAATCCTATTACTACTTTCTCTACCAGTCCTGGCAGGTGCCATCACTATACTACTAACAGAT	8573800	PEISP438-15[C_LepFolF,C_LepFolR]_R.ab1	http://trace.boldsystems.org/traceIO/bold.org/10392510	2015-10-27 23:36:20	Biodiversity Institute of Ontario	R	C_LepFolR	COI-5P
PEISP441-15	BIOUG25733-G12	6468153	BIOUG25733-G12	L#13BIOBUS-0191	Centre for Biodiversity Genomics		BOLD:ABW0506	20	Arthropoda	63	Arachnida	24643	Opiliones	151797	Phalangiidae	361450	Phalangiinae	361453	Rilaena	361454	Rilaena triangularis			Monica R. Young	BIN Taxonomy Match			Vouchered:Registered Collection	Whole Voucher		BIObus 2013				hand collecting|sunny, clear sky|mixed wood forest with some open grassy fields		Free Hand	A		S	Forest			Prince Edward Island NP		46.488	-63.382	GPSmap 60Cx		1				Canada	Prince Edward Island	Prince Edward Island National Park	Green Gables, Haunted Wood Trail											8011909	COI-5P	MF813559	TACAATATATATAATTTTTGGTATATGAGCTGCAATAGTTGGAACTGCCCTAAGAATGCTAATTCGCACAGAACTAGGGCAACCCGGCTCCTTAATAAATGATGACCAAATTTATAATGTCATTGTAACAGCCCATGCTTTTGTAATAATTTTTTTCATAGTCATACCTATTATAATTGGAGGATTCGGTAACTGGCTAGTACCTTTAATATTAGGGGCCCCCGATATAGCTTTCCCACGCTTAAACAATATAAGATTTTGACTTTTACCCCCTTCATTTCTTTTATTATTATCCTCTGCTTTAGTAGAAAATGGGGCAGGGACAGGCTGGACCGTTTACCCTCCCCTATCTAGAAATATTGCACATACGGGGGCATCTGTAGATTTAACAATTTTCTCCTTGCACTTAGCGGGTGTTTCTTCTATTCTTGGAGCCATTAACTTTATTACAACCATCATTAATATACGAACACAAGGAATAATTTTAGAACGAATACCCCTCTTTGTATGGTCAGTAAAAATTACAGCAATCCTATTACTACTTTCTCTACCAGTCCTGGCAGGTGCCATCACTATACTACTAACAGATCGAAATTTTAATACCTCCTTCTTCGACCCAGC-------------------------------------	8573803	PEISP441-15[C_LepFolF,C_LepFolR]_R.ab1	http://trace.boldsystems.org/traceIO/bold.org/10392513	2015-10-27 23:36:20	Biodiversity Institute of Ontario	R	C_LepFolR	COI-5P
PHMTT629-10	10PHMAL-1628	1498098	10PHMAL-1628	L#PHPUS-008	Centre for Biodiversity Genomics		BOLD:ABW0506	20	Arthropoda	63	Arachnida	24643	Opiliones	151797	Phalangiidae	361450	Phalangiinae	361453	Rilaena	361454	Rilaena triangularis			Robert G. Holmberg	Morphological			Vouchered:Registered Collection			Paul Hebert					BIOUG:PDH-home	Malaise Trap	A	F	S	Temperate mixed forest				May 15-22	43.537	-80.134			320				Canada	Ontario	Wellington County	Puslinch Township	Concession 11/Hume Rd										4565766	COI-5P	KR069805	TACAATATATATAATTTTTGGTATATGAGCTGCAATAGTTGGAACTGCCCTAAGAATGNTAATTCGCACAGAACTAGGGCAACCCGGCTCCTTAATAAATGATGACCAAATTTATAATGTCATTGTAACAGCCCATGCTTTTGTAATAATTTTTTTTATAGTCATACCTATTATAATTGGAGGATTCGGCAACTGGCTAGTACCTTTAATATTAGGGGCCCCCGATATAGCTTTCCCACGCTTAAACAACATAAGATTTTGACTTTTACCCCCTTCATTTCTTTTATTATTATCCTCTGCTTTAGTAGAAAATGGGGCAGGGACAGGCTGGACCGTTTATCCTCCCCTATCTAGAAATATTGCACATACGGGGGCATCTGTAGATTTAACAATTTTCTCCTTGCACTTAGCGGGTGTTTCTTCTATTCTTGGAGCCATTAACTTTATTACAACCATCATTAATATACGAACACAAGGAATAATTTTAGAACGAATACCCCTCTTTGTATGGTCAGTAAAAATTACAGCAATCCTATTACTACTTTCTCTACCAGTCCTGGCAGGTGCCATCACTATACTACTAACAGATCGAAATTTTAATACCTCCTTCTTCGACCCAGCCGGAGGAGGTGACCCCATCTTATACCAACATCTATTT	2391925|2392020|4229273|4229284|4229295|4229304	PHMTT629-10[LCO1490_t1,HCO2198_t1]_F.ab1|PHMTT629-10[LCO1490_t1,HCO2198_t1]_R.ab1|PHMTT629-10[MLepF1,C_LepFolR]_F.ab1|PHMTT629-10[MLepF1,C_LepFolR]_R.ab1|PHMTT629-10[C_LepFolF,MLepR2]_F.ab1|PHMTT629-10[C_LepFolF,MLepR2]_R.ab1	http://trace.boldsystems.org/traceIO/bold.org/2086934|http://trace.boldsystems.org/traceIO/bold.org/2087029|http://trace.boldsystems.org/traceIO/bold.org/6077343|http://trace.boldsystems.org/traceIO/bold.org/6077354|http://trace.boldsystems.org/traceIO/bold.org/6077365|http://trace.boldsystems.org/traceIO/bold.org/6077374	2010-09-26 18:44:02|2010-09-26 20:10:28|2012-02-23 14:13:34|2012-02-23 15:57:11|2012-03-07 05:38:31|2012-03-07 07:05:02	Biodiversity Institute of Ontario|Biodiversity Institute of Ontario|Biodiversity Institute of Ontario|Biodiversity Institute of Ontario|Biodiversity Institute of Ontario|Biodiversity Institute of Ontario	F|R|F|R|F|R	M13F|M13R|MLepF1|C_LepFolR|C_LepFolF|MLepR2	COI-5P|COI-5P|COI-5P|COI-5P|COI-5P|COI-5P
PHMTU068-10	10PHMAL-2066	1514662	10PHMAL-2066	L#PHPUS-006	Centre for Biodiversity Genomics		BOLD:ABW0506	20	Arthropoda	63	Arachnida	24643	Opiliones	151797	Phalangiidae	361450	Phalangiinae	361453	Rilaena	361454	Rilaena triangularis			Robert G. Holmberg	Morphological			Vouchered:Registered Collection			Paul Hebert					BIOUG:PDH-home	Malaise Trap	A	F	S	Temperate mixed forest				May 2-9	43.537	-80.134			320				Canada	Ontario	Wellington County	Puslinch Township	Concession 11/Hume Rd										4814432	COI-5P	KR069644	TACAATATATATAATTTTTGGTATATGAGCTGCAATAGTTGGAACTGCCCTAAGAATGNTAATTCGCACAGAACTAGGGCAACCCGGCTCCTTAATAAATGATGACCAAATTTATAATGTCATTGTAACAGCCCATGCTTTTGTAATAATTTTTTTTATAGTCATACCTATTATAATTGGAGGATTCGGCAACTGGCTAGTACCTTTAATATTAGGGGCCCCCGATATAGCTTTCCCACGCTTAAACAACATAAGATTTTGACTTTTACCCCCTTCATTTCTTTTATTATTATCCTCTGCTTTAGTAGAAAATGGGGCAGGGACAGGCTGGACCGTTTATCCTCCCCTATCTAGAAATATTGCACATACGGGGGCATCTGTAGATTTAACAATTTTCTCCTTGCACTTAGCGGGTGTTTCTTCTATTCTTGGAGCCATTAACTTTATTACAACCATCATTAATATACGAACACAAGGAATAATTTTAGAACGAATACCCCTCTTTGTATGGTCAGTAAAAATTACAGCAATCCTATTACTACTTTCTCTACCAGTCCTGGCAGGTGCCATCACTATACTACTAACAGATCGAAATTTTAATACCTCCTTCTTCGACCCAGCCGGAGGAGGTGACCCCATCTTATACCAACATCTATTT	2391968|2392063|4229281|4229292|4229301|4229310	PHMTU068-10[LCO1490_t1,HCO2198_t1]_F.ab1|PHMTU068-10[LCO1490_t1,HCO2198_t1]_R.ab1|PHMTU068-10[MLepF1,C_LepFolR]_F.ab1|PHMTU068-10[MLepF1,C_LepFolR]_R.ab1|PHMTU068-10[C_LepFolF,MLepR2]_F.ab1|PHMTU068-10[C_LepFolF,MLepR2]_R.ab1	http://trace.boldsystems.org/traceIO/bold.org/2086977|http://trace.boldsystems.org/traceIO/bold.org/2087072|http://trace.boldsystems.org/traceIO/bold.org/6077351|http://trace.boldsystems.org/traceIO/bold.org/6077362|http://trace.boldsystems.org/traceIO/bold.org/6077371|http://trace.boldsystems.org/traceIO/bold.org/6077380	2010-09-26 18:44:02|2010-09-26 20:10:28|2012-02-23 14:13:34|2012-02-23 15:57:11|2012-03-07 05:38:31|2012-03-07 07:05:02	Biodiversity Institute of Ontario|Biodiversity Institute of Ontario|Biodiversity Institute of Ontario|Biodiversity Institute of Ontario|Biodiversity Institute of Ontario|Biodiversity Institute of Ontario	F|R|F|R|F|R	M13F|M13R|MLepF1|C_LepFolR|C_LepFolF|MLepR2	COI-5P|COI-5P|COI-5P|COI-5P|COI-5P|COI-5P
RRSPI081-15	BIOUG20596-C11	6022704	BIOUG20596-C11	L#15RARE-0149	Centre for Biodiversity Genomics		BOLD:ADH9176	20	Arthropoda	63	Arachnida	24643	Opiliones	151797	Phalangiidae	361450	Phalangiinae	361453	Rilaena	361454	Rilaena triangularis			Monica R. Young	BIN Taxonomy Match			Vouchered:Registered Collection	Whole Voucher		BIO Collections Staff				1 Intercept Trap|heavy rain fall, intercept overflowed|roadside grassy field with small bog, cattails and bulrushes		Intercept Trap	A			Wetland					43.3908	-80.3747	GPS		270				Canada	Ontario	Cambridge	rare Charitable Research Reserve	Preston Flats, grassy wetland										7779974	COI-5P	KT703079	TTCAATATATATAATTTTTGGTATATGAGCTGCAATAGTTGGAACTGCTCTAAGAATGNTAATTCGCACAGAACTGGGGCAACCCGGCTCCTTAATAAATGATGACCAAATTTATAATGTCATTGTAACAGCCCATGCTTTTGTAATAATTTTTTTTATAGTCATACCTATTATAATTGGAGGATTTGGCAACTGGCTAGTACCTTTAATATTAGGGGCCCCCGATATAGCTTTCCCACGCTTAAACAACATAAGATTTTGACTTTTACCCCCTTCATTTCTTTTATTACTATCCTCTGCTTTAGTAGAAAATGGAGCAGGGACAGGCTGGACAGTTTATCCCCCCTTATCTAGAAATATTGCNCATACAGGAGCATCTGTAGATTTAACAATTTTCTCCTTGCACTTAGCGGGTGTTTCTTCTATCCTTGGAGCCATTAACTTTATTACAACCATCATTAANATACGAACACAAGGAATAATTTTAGAACGAATACCCCTCTTTGTATGATCAGTAAAAATTACAGCAATCCTATTACTACTTTCTCTACCAGTCCTTGCAGGTGCCATTACTATACTACTAACA------------------------------------------------------------------------	8209609	RRSPI081-15[C_LepFolF,C_LepFolR]_R.ab1	http://trace.boldsystems.org/traceIO/bold.org/10029422	2015-07-29 19:48:47	Biodiversity Institute of Ontario	R	C_LepFolR	COI-5P
RRSPI082-15	BIOUG20596-C12	6022705	BIOUG20596-C12	L#15RARE-0149	Centre for Biodiversity Genomics			20	Arthropoda	63	Arachnida	24643	Opiliones	151797	Phalangiidae	361450	Phalangiinae	361453	Rilaena	361454	Rilaena triangularis			Gergin A. Blagoev	Morphology			Vouchered:Registered Collection	Whole Voucher		BIO Collections Staff				1 Intercept Trap|heavy rain fall, intercept overflowed|roadside grassy field with small bog, cattails and bulrushes		Intercept Trap	A			Wetland					43.3908	-80.3747	GPS		270				Canada	Ontario	Cambridge	rare Charitable Research Reserve	Preston Flats, grassy wetland										7779953	COI-5P		------------------------------------------------------------------------------------------------------------------------------------------------------------------------------------------------------------------------------------------------------------------------------------------------------------------------------------------------TTATCCCCCCCTATCTAGAAATATTGCACATACGGGAGCATCTGTAGATTTAACAATTTTCTCCTTACACTTAGCGGGTGTTTCTTCTATCCTTGGAGCCATTAACTTTATTACAACTATCATTAATATACGAACACAAGGAATAATTTTAGAACGAATACCCCTCTTTGTATGATCAGTAAAAATTACAGCAATCCTATTACTACTTTCTCTACCAGTTTTGGCAGGGGCCATTACTATACTACTAACAGATCGAAATTTTAATACCTCTTTCTTCGACCCAGCTGGAGGAGGTG--------------------------	8209610	RRSPI082-15[C_LepFolF,C_LepFolR]_R.ab1	http://trace.boldsystems.org/traceIO/bold.org/10029423	2015-07-29 19:48:47	Biodiversity Institute of Ontario	R	C_LepFolR	COI-5P
RRSSA3030-15	BIOUG22848-A10	6082809	BIOUG22848-A10	L#15RARE-0142	Centre for Biodiversity Genomics		BOLD:ABW0506	20	Arthropoda	63	Arachnida	24643	Opiliones	151797	Phalangiidae	361450	Phalangiinae	361453	Rilaena	361454	Rilaena triangularis			Monica R. Young	BIN Taxonomy Match			Vouchered:Registered Collection	Tissue		BIO Collections Staff				20 Pitfall Traps|heavy rainfall|hardwood forest, oak and maple leaf litter		Pitfall Trap				Forest					43.3739	-80.354	GPS		332				Canada	Ontario	Cambridge	rare Charitable Research Reserve	Hogsback Forest, forest edge										7902611	COI-5P	MG412654	GTACCTTTAATATTAGGGGCCCCCGATATAGCTTTCCCACGCTTAAACAACATAAGATTTTGACTTTTACCCCCTTCATTTCTTTTATTACTATCCTCTGCTTTAGTAGAAAATGGAGCAGGGACAGGCTGGACAGTTTATCCCCCCTTATCTAGAAATATTGCACATACNGGAGCATCTGTAGATTTAACAATTTTCTCCTTGCACTTAGCGGGTGTTTCTTCTATCCTTGGAGCCATTAACTTTATTACAACNATCATTAATATACGAACACAAGGAATAATTTTAGAACGAATACCCCTCTTTGTATGATCAGTAAAAATTACAGCA---------------------------------------------------------------------------------------------------------------------------------------------------------------------------------------------------------------------------------------------------------------------------------------------------------------------	8387687	RRSSA3030-15[C_LepFolF,C_LepFolR]_R.ab1	http://trace.boldsystems.org/traceIO/bold.org/10206391	2015-09-15 15:41:46	Biodiversity Institute of Ontario	R	C_LepFolR	COI-5P
RRSSA3035-15	BIOUG22848-B03	6082814	BIOUG22848-B03	L#15RARE-0142	Centre for Biodiversity Genomics		BOLD:ABW0506	20	Arthropoda	63	Arachnida	24643	Opiliones	151797	Phalangiidae	361450	Phalangiinae	361453	Rilaena	361454	Rilaena triangularis			Monica R. Young	BIN Taxonomy Match			Vouchered:Registered Collection	Tissue		BIO Collections Staff				20 Pitfall Traps|heavy rainfall|hardwood forest, oak and maple leaf litter		Pitfall Trap				Forest					43.3739	-80.354	GPS		332				Canada	Ontario	Cambridge	rare Charitable Research Reserve	Hogsback Forest, forest edge										7903315	COI-5P	MG410356	TTTTTTATAGTCATACCTATTATAATTGGAGGATTTGGCAACTGGCTAGTACCTTTAATATTAGGGGCCCCCGATATAGCTTTCCCACGCTTAAACAACATAAGATTTTGACTTTTACCCCCTTCATTTCTTTTATTACTATCCTCTGCTTTAGTAGAAAATGGAGCAGGGACAGGCTGGACAGTTTATCCCCCCTTATCTAGAAATATTGCACATACNGGAGCATCTGTAGATTTAACAATTTTCTCCTTGCACTTAGCGGGTGTTTCTTCTATCCTTGGAGCCATTAACTTTATTACAACCATCATTAATATACGAACACAAGGAATAATTTTAGAACGAATACCCCTCTTTGTATGATCAGTAAAAATTACAGCA---------------------------------------------------------------------------------------------------------------------------------------------------------------------------------------------------------------------------------------------------------------------	8387692	RRSSA3035-15[C_LepFolF,C_LepFolR]_R.ab1	http://trace.boldsystems.org/traceIO/bold.org/10206396	2015-09-15 15:41:46	Biodiversity Institute of Ontario	R	C_LepFolR	COI-5P
RRSSA3038-15	BIOUG22848-B06	6082817	BIOUG22848-B06	L#15RARE-0142	Centre for Biodiversity Genomics			20	Arthropoda	63	Arachnida	24643	Opiliones	151797	Phalangiidae	361450	Phalangiinae	361453	Rilaena	361454	Rilaena triangularis			Monica R. Young	BIN Taxonomy Match			Vouchered:Registered Collection	Tissue		BIO Collections Staff				20 Pitfall Traps|heavy rainfall|hardwood forest, oak and maple leaf litter		Pitfall Trap				Forest					43.3739	-80.354	GPS		332				Canada	Ontario	Cambridge	rare Charitable Research Reserve	Hogsback Forest, forest edge										7903236	COI-5P	MG415136	GCTTTTGTAATAATTTTTTTTATAGTCATACCTATTATAATTGGAGGATTTGGCAACTGGCTAGTACCTTTAATATTAGGGGCCCCCGATATAGCTTTCCCACGNTTAAACAACATAAGATTTTGACTTTTACCCCCTTCATTTCTTTTATTACTATCCTCTGCTTTAGTAGAAAATGGAGCAGGGACAGGCTGGACAGTTTATCCCCCCNTATCTAGAAATATTGCNCATACNGGAGCATCTGTAGATTTAACAATTTTCTCCTTGCACTTAGCGGGTGTTTCTTCTATCCTTGGAGCCATTAACTTTATTACAACCATCATTAATATACGAACACAAGGAATAATTTTAGAACGAATACCCCTCTTTGTATGATCAGTAAAAATTACAGCAATCCTATTACTACTTTCTCTACCAGTCCTTGCAGGTGCCATTACTATACTACTAACAGATCGAAATTTTAATACCTCCTTCTTCGACCCAGCCGGAGGAGGT------------------------------------------------------------------------------------------------------------------------------------------------	8387695	RRSSA3038-15[C_LepFolF,C_LepFolR]_R.ab1	http://trace.boldsystems.org/traceIO/bold.org/10206399	2015-09-15 15:41:46	Biodiversity Institute of Ontario	R	C_LepFolR	COI-5P
RRSSA4347-15	BIOUG23203-A02	6246757	BIOUG23203-A02	L#15RARE-0140	Centre for Biodiversity Genomics		BOLD:ABW0506	20	Arthropoda	63	Arachnida	24643	Opiliones	151797	Phalangiidae	361450	Phalangiinae	361453	Rilaena	361454	Rilaena triangularis			Monica R. Young	BIN Taxonomy Match			Vouchered:Registered Collection	Tissue		BIO Collections Staff				10 Pan Traps|heavy rainfall, multiple pans overflowed|hardwood forest, oak and maple leaf litter		Pan Trap				Forest					43.3739	-80.354	GPS		332				Canada	Ontario	Cambridge	rare Charitable Research Reserve	Hogsback Forest, forest edge										7898162	COI-5P	MG408940	GTCATTGTAACAGCCCATGCTTTTGTAATAATTTTTTTTATAGTCATACCTATTATAATTGGAGGATTTGGCAACTGGCTAGTACCTTTAATATTAGGGGCCCCCGATATAGCTTTCCCACGCTTAAACAACATAAGATTTTGACTTTTACCCCCTTCATTTCTTTTATTACTNTCCTCTGCTTTAGTAGAAAATGGAGCAGGGACAGGCTGGACAGTTTATCCCCCCNTATCTAGAAATATTGCACATACNGGAGCATCTGTAGATTTAACAATTTTCTCCTTGCACTTAGCGGGTGTTTCTTCTATCCTTGGAGCCATTAACTTTATTACAACNATCATTAATATACGAACACAAGGAATAATTTTAGAACGAATACCCCTCTTTGTATGATCAGTAAAAATTACAGCA------------------------------------------------------------------------------------------------------------------------------------------------------------------------------------------------------------------------------------	8386729	RRSSA4347-15[C_LepFolF,C_LepFolR]_R.ab1	http://trace.boldsystems.org/traceIO/bold.org/10205433	2015-09-17 13:16:55	Biodiversity Institute of Ontario	R	C_LepFolR	COI-5P
RRSSC4904-15	BIOUG23203-F04	6260442	BIOUG23203-F04	L#15RARE-0148	Centre for Biodiversity Genomics		BOLD:ABW0506	20	Arthropoda	63	Arachnida	24643	Opiliones	151797	Phalangiidae	361450	Phalangiinae	361453	Rilaena	361454	Rilaena triangularis			Monica R. Young	BIN Taxonomy Match			Vouchered:Registered Collection	Tissue		BIO Collections Staff				10 Pan Traps|heavy rainfall, multiple pans overflowed|roadside grassy field with small bog, cattails and bulrushes		Pan Trap				Wetland					43.3908	-80.3747	GPS		270				Canada	Ontario	Cambridge	rare Charitable Research Reserve	Preston Flats, grassy wetland										7902294	COI-5P	MG414548	ACAATATATATAATTTTTGGTATATGAGCTGCAATAGTTGGAACTGCCCTAAGAATGCTAATTCGCACAGAACTAGGGCAACCCGGCTCCTTAATAAATGATGACCAAATTTATAATGTCATTGTAACAGCCCATGCTTTTGTAATAATTTTTTTCATAGTCATACCTATTATAATTGGAGGATTCGGTAACTGGCTAGTACCTTTAATATTAGGGGCCCCCGATATAGCTTTCCCACGCTTAAACAATATAAGATTTTGACTTTTACCCCCTTCATTTCTTTTATTATTATCCTCTGCTTTAGTAGAAAATGGGGCAGGGACAGGCTGGACCGTTTACCCTCCCCTATCTAGAAATATTGCACATACGGGGGCATCTGTAGATTTAACAATTTTCTCCTTGCACTTAGCGGGTGTTTCTTCTATTCTTGGAGCCATTAACTTTATTACAACCATCATTAATATACGAACACAAGGAATAATTTTAGAACGAATACCCCTCTTTGTATGGTCAGTAAAAATTACAGCAATCCTATTACTACTTTCT---------------------------------------------------------------------------------------------	8386791	RRSSC4904-15[C_LepFolF,C_LepFolR]_R.ab1	http://trace.boldsystems.org/traceIO/bold.org/10205495	2015-09-17 13:16:55	Biodiversity Institute of Ontario	R	C_LepFolR	COI-5P
SMNSA113-16	SMNS-Opil-LFR040	7264602	SMNS-Opil-LFR040		Staatliches Museum fur Naturkunde, Stuttgart		BOLD:ADH9176	20	Arthropoda	63	Arachnida	24643	Opiliones	151797	Phalangiidae	361450	Phalangiinae	361453	Rilaena	361454	Rilaena triangularis			Lars Friman							GBOL-Team ZFMK						Klopftuch	adult	M		Kiefernwald, Farnbüschel				http://smns.diversityworkbench.de/collection_SMNS/13732/457124/12776	52.15	12.58			100				Germany				PM, Bad Belzig										8717090	COI-5P		ACAATATATATAATTTTTGGTATATGAGCTGCAATAGTTGGAACTGCTCTAAGAATGCTAATTCGCACAGAACTGGGGCAACCCGGCTCCTTAATAAATGATGACCAAATTTATAATGTCATTGTAACAGCCCATGCTTTTGTAATAATTTTTTTTATAGTCATACCTATTATAATTGGAGGATTTGGCAACTGGCTAGTACCTTTAATATTAGGGGCCCCCGATATAGCTTTCCCACGCTTAAACAACATAAGATTTTGACTTTTACCCCCTTCATTTCTTTTATTACTATCCTCTGCTTTAGTAGAAAATGGAGCAGGGACAGGCTGGACAGTTTATCCCCCCTTATCTAGAAATATTGCTCATACAGGAGCATCTGTAGATTTAACAATTTTCTCCTTGCACTTAGCGGGTGTTTCTTCTATCCTTGGAGCCATTAACTTTATTACAACCATCATTAATATACGAACACAAGGAATAATTTTAGAACGAATACCCCTCTTTGTATGATCAGTAAAAATTACAGCAATCCTATTACTACTTTCTCTACCAGTCCTTGCAGGTGCCATTACTATACTACTAACAGATCGAAATTTTAATACCTCTTTCTTCGACCCAGCCGGAGGAGGTGACCCTATTTTATACCAACATCTATTTT	9506360|9506361	SMNS_Opil_LFR040_H11_LCO.ab1|SMNS_Opil_LFR040_H11_HCO.ab1	http://trace.boldsystems.org/traceIO/bold.org/11325118|http://trace.boldsystems.org/traceIO/bold.org/11325119	2013-06-21 06:03:43|2013-06-21 04:11:26	LGC Genomics, Germany|LGC Genomics, Germany	f|r	LCO1490|HCO2198	COI-5P|COI-5P
SSPEA1465-15	BIOUG22651-B12	6292904	BIOUG22651-B12	L#13BIOBUS-0301	Centre for Biodiversity Genomics		BOLD:ABW0506	20	Arthropoda	63	Arachnida	24643	Opiliones	151797	Phalangiidae	361450	Phalangiinae	361453	Rilaena	361454	Rilaena triangularis			Kate Perez	BIN Taxonomy Match			Vouchered:Registered Collection	Tissue		BIObus 2013				2 Malaise traps|mostly sunny|forest, white spruce monoculture, moss covered ground		Malaise Trap				Forest			Prince Edward Island NP		46.4112	-63.0931	GPSmap 60Cx		29				Canada	Prince Edward Island	Prince Edward Island National Park	Bubbling Springs Trail											7908377	COI-5P	MF815543	ATTTTTGGTATATGAGCTGCAATAGTTGGAACTGCCCTAAGAATGCTAATTCGCACAGAACTAGGGCAACCCGGCTCCTTAATAAATGATGACCAAATTTATAATGTCATTGTAACAGCCCATGCTTTTGTAATAATTTTTTTCATAGTCATACCTATTATAATTGGAGGATTCGGTAACTGGCTAGTACCTTTAATATTAGGGGCCCCCGATATAGCTTTCCCACGCTTAAACAACATAAGATTTTGACTTTTACCCCCTTCATTTCTTTTATTATTATCCTCTGCTTTAGTAGAAAATGGGGCAGGGACAGGCTGGACCGTTTATCCTCCCCTATCTAGAAATATTGCACATACGGGGGCATCTGTAGATTTAACAATTTTCTCCTTGCACTTAGCGGGTGTTTCTTCTATTCTTGGAGCCATTAACTTTATTACAACCATCATTAATATACGAACACAAGGAATAATTTTAGAACGAATACCCCTCTTTGTATGGTCAGTAAAAATTACAGCAATCCTATTACTACTTTCTCTACCAGTCCTGGCAGGTGCCATCACTATACTACTAACAGATCGAAATTTTAATACCTCC------------------------------------------	8393393	SSPEA1465-15[C_LepFolF,C_LepFolR]_R.ab1	http://trace.boldsystems.org/traceIO/bold.org/10212097	2015-09-11 21:14:30	Biodiversity Institute of Ontario	R	C_LepFolR	COI-5P
SSPEA644-15	BIOUG20323-D06	5762204	BIOUG20323-D06	L#13BIOBUS-0291	Centre for Biodiversity Genomics		BOLD:ABW0506	20	Arthropoda	63	Arachnida	24643	Opiliones	151797	Phalangiidae	361450	Phalangiinae	361453	Rilaena	361454	Rilaena triangularis			Monica R. Young	BIN Taxonomy Match			Vouchered:Registered Collection	Tissue		BIObus 2013				2 Malaise traps|mostly sunny|deciduous forest stand, sugar maple monoculture with striped maple in the understory		Malaise Trap				Forest			Prince Edward Island NP		46.493	-63.394	GPSmap 60Cx		5				Canada	Prince Edward Island	Prince Edward Island National Park	Cavendish Grove	behind old train ride rail path										7570066	COI-5P	MF809339	ACAATATATATAATTTTTGGTATATGAGCTGCAATAGTTGGAACTGCCCTAAGAATGCTAATTCGCACAGAACTAGGGCAACCCGGCTCCTTAATAAATGATGACCAAATTTATAATGTCATTGTAACAGCCCATGCTTTTGTAATAATTTTTTTCATAGTCATACCTATTATAATTGGAGGATTCGGTAACTGGCTAGTACCTTTAATATTAGGGGCCCCCGATATAGCTTTCCCACGCTTAAACAACATAAGATTTTGACTTTTACCCCCTTCATTTCTTTTATTATTATCCTCTGCTTTAGTAGAAAATGGGGCAGGGACAGGCTGGACCGTTTATCCTCCCCTATCTAGAAATATTGCACATACGGGGGCATCTGTAGATTTAACAATTTTCTCCTTGCACTTAGCGGGTGTTTCTTCTATTCTTGGAGCCATTAACTTTATTACAACCATCATTAATATACGAACACAAGGAATAATTTTAGAACGAATACCCCTCTTTGTATGGTCAGTAAAAATTACAGCAATCCTATTACTACTTTCTCTACCAGTCCTGGCAGGTGCCATCACTATACTACTAACAGAT------------------------------------------------	7982244	SSPEA644-15[C_LepFolF,C_LepFolR]_R.ab1	http://trace.boldsystems.org/traceIO/bold.org/9802645	2015-06-11 04:57:40	Biodiversity Institute of Ontario	R	C_LepFolR	COI-5P
SSPEA645-15	BIOUG20323-D07	5762205	BIOUG20323-D07	L#13BIOBUS-0291	Centre for Biodiversity Genomics		BOLD:ABW0506	20	Arthropoda	63	Arachnida	24643	Opiliones	151797	Phalangiidae	361450	Phalangiinae	361453	Rilaena	361454	Rilaena triangularis			Monica R. Young	BIN Taxonomy Match			Vouchered:Registered Collection	Tissue		BIObus 2013				2 Malaise traps|mostly sunny|deciduous forest stand, sugar maple monoculture with striped maple in the understory		Malaise Trap				Forest			Prince Edward Island NP		46.493	-63.394	GPSmap 60Cx		5				Canada	Prince Edward Island	Prince Edward Island National Park	Cavendish Grove	behind old train ride rail path										7570481	COI-5P	MF811134	ACAATATATATAATTTTTGGTATATGAGCTGCAATAGTTGGAACTGCCCTAAGAATGCTAATTCGCACAGAACTAGGGCAACCCGGCTCCTTAATAAATGATGACCAAATTTATAATGTCATTGTAACAGCCCATGCTTTTGTAATAATTTTTTTCATAGTCATACCTATTATAATTGGAGGATTCGGTAACTGGCTAGTACCTTTAATATTAGGGGCCCCCGATATAGCTTTCCCACGCTTAAACAATATAAGATTTTGACTTTTACCCCCTTCATTTCTTTTATTATTATCCTCTGCTTTAGTAGAAAATGGGGCAGGGACAGGCTGGACCGTTTACCCTCCCCTATCTAGAAATATTGCACATACGGGGGCATCTGTAGATTTAACAATTTTCTCCTTGCACTTAGCGGGTGTTTCTTCTATTCTTGGAGCCATTAACTTTATTACAACCATCATTAATATACGAACACAAGGAATAATTTTAGAACGAATACCCCTCTTTGTATGGTCAGTAAAAATTACAGCAATCCTATTACTACTTTCTCTACCAGTCCTGGCAGGTGCCATCACTATACTACTAACAGAT------------------------------------------------	7982245	SSPEA645-15[C_LepFolF,C_LepFolR]_R.ab1	http://trace.boldsystems.org/traceIO/bold.org/9802646	2015-06-11 04:57:40	Biodiversity Institute of Ontario	R	C_LepFolR	COI-5P
SSPEA647-15	BIOUG20323-D09	5762207	BIOUG20323-D09	L#13BIOBUS-0291	Centre for Biodiversity Genomics		BOLD:ABW0506	20	Arthropoda	63	Arachnida	24643	Opiliones	151797	Phalangiidae	361450	Phalangiinae	361453	Rilaena	361454	Rilaena triangularis			Monica R. Young	BIN Taxonomy Match			Vouchered:Registered Collection	Tissue		BIObus 2013				2 Malaise traps|mostly sunny|deciduous forest stand, sugar maple monoculture with striped maple in the understory		Malaise Trap				Forest			Prince Edward Island NP		46.493	-63.394	GPSmap 60Cx		5				Canada	Prince Edward Island	Prince Edward Island National Park	Cavendish Grove	behind old train ride rail path										7570495	COI-5P	MF810124	ACAATATATATAATTTTTGGTATATGAGCTGCAATAGTTGGAACTGCCCTAAGAATGCTAATTCGCACAGAACTAGGGCAACCCGGCTCCTTAATAAATGATGACCAAATTTATAATGTCATTGTAACAGCCCATGCTTTTGTAATAATTTTTTTCATAGTCATACCTATTATAATTGGAGGATTCGGTAACTGGCTAGTACCTTTAATATTAGGGGCCCCCGATATAGCTTTCCCACGCTTAAACAACATAAGATTTTGACTTTTACCCCCTTCATTTCTTTTATTATTATCCTCTGCTTTAGTAGAAAATGGGGCAGGGACAGGCTGGACCGTTTATCCTCCCCTATCTAGAAATATTGCACATACGGGGGCATCTGTAGATTTAACAATTTTCTCCTTGCACTTAGCGGGTGTTTCTTCTATTCTTGGAGCCATTAACTTTATTACAACCATCATTAATATACGAACACAAGGAATAATTTTAGAACGAATACCCCTCTTTGTATGGTCAGTAAAAATTACAGCAATCCTATTACTACTTTCTCTACCAGTCCTGGCAGGTGCCATCACTATACTACTAACAGAT------------------------------------------------	7982247	SSPEA647-15[C_LepFolF,C_LepFolR]_R.ab1	http://trace.boldsystems.org/traceIO/bold.org/9802648	2015-06-11 04:57:40	Biodiversity Institute of Ontario	R	C_LepFolR	COI-5P
SSPEA649-15	BIOUG20323-D11	5762209	BIOUG20323-D11	L#13BIOBUS-0291	Centre for Biodiversity Genomics		BOLD:ABW0506	20	Arthropoda	63	Arachnida	24643	Opiliones	151797	Phalangiidae	361450	Phalangiinae	361453	Rilaena	361454	Rilaena triangularis			Monica R. Young	BIN Taxonomy Match			Vouchered:Registered Collection	Tissue		BIObus 2013				2 Malaise traps|mostly sunny|deciduous forest stand, sugar maple monoculture with striped maple in the understory		Malaise Trap				Forest			Prince Edward Island NP		46.493	-63.394	GPSmap 60Cx		5				Canada	Prince Edward Island	Prince Edward Island National Park	Cavendish Grove	behind old train ride rail path										7570390	COI-5P	MF816455	ACAATATATATAATTTTTGGTATATGAGCTGCAATAGTTGGAACTGCCCTAAGAATGCTAATTCGCACAGAACTAGGGCAACCCGGCTCCTTAATAAATGATGACCAAATTTATAATGTCATTGTAACAGCCCATGCTTTTGTAATAATTTTTTTCATAGTCATACCTATTATAATTGGAGGATTCGGTAACTGGCTAGTACCTTTAATATTAGGGGCCCCCGATATAGCTTTCCCACGCTTAAACAACATAAGATTTTGACTTTTACCCCCTTCATTTCTTTTATTATTATCCTCTGCTTTAGTAGAAAATGGGGCAGGGACAGGCTGGACCGTTTATCCTCCCCTATCTAGAAATATTGCACATACGGGGGCATCTGTAGATTTAACAATTTTCTCCTTGCACTTAGCGGGTGTTTCTTCTATTCTTGGAGCCATTAACTTTATTACAACCATCATTAATATACGAACACAAGGAATAATTTTAGAACGAATACCCCTCTTTGTATGGTCAGTAAAAATTACAGCAATCCTATTACTACTTTCTCTACCAGTCCTGGCAGGTGCCATCACTATACTACTAACAGAT------------------------------------------------	7982249	SSPEA649-15[C_LepFolF,C_LepFolR]_R.ab1	http://trace.boldsystems.org/traceIO/bold.org/9802650	2015-06-11 04:57:40	Biodiversity Institute of Ontario	R	C_LepFolR	COI-5P
SSPEA651-15	BIOUG20323-E01	5762211	BIOUG20323-E01	L#13BIOBUS-0291	Centre for Biodiversity Genomics		BOLD:ABW0506	20	Arthropoda	63	Arachnida	24643	Opiliones	151797	Phalangiidae	361450	Phalangiinae	361453	Rilaena	361454	Rilaena triangularis			Monica R. Young	BIN Taxonomy Match			Vouchered:Registered Collection	Tissue		BIObus 2013				2 Malaise traps|mostly sunny|deciduous forest stand, sugar maple monoculture with striped maple in the understory		Malaise Trap				Forest			Prince Edward Island NP		46.493	-63.394	GPSmap 60Cx		5				Canada	Prince Edward Island	Prince Edward Island National Park	Cavendish Grove	behind old train ride rail path										7569751	COI-5P	MF811180	ACAATATATATAATTTTTGGTATATGAGCTGCAATAGTTGGAACTGCCCTAAGAATGCTAATTCGCACAGAACTAGGGCAACCCGGCTCCTTAATAAATGATGACCAAATTTATAATGTCATTGTAACAGCCCATGCTTTTGTAATAATTTTTTTCATAGTCATACCTATTATAATTGGAGGATTCGGTAACTGGCTAGTACCTTTAATATTAGGGGCCCCCGATATAGCTTTCCCACGCTTAAACAACATAAGATTTTGACTTTTACCCCCTTCATTTCTTTTATTATTATCCTCTGCTTTAGTAGAAAATGGGGCAGGGACAGGCTGGACCGTTTATCCTCCCCTATCTAGAAATATTGCACATACGGGGGCATCTGTAGATTTAACAATTTTCTCCTTGCACTTAGCGGGTGTTTCTTCTATTCTTGGAGCCATTAACTTTATTACAACCATCATTAATATACGAACACAAGGAATAATTTTAGAACGAATACCCCTCTTTGTATGGTCAGTAAAAATTACAGCAATCCTATTACTACTTTCTCTACCAGTCCTGGCAGGTGCCATCACTATACTACTAACAGAT------------------------------------------------	7982251	SSPEA651-15[C_LepFolF,C_LepFolR]_R.ab1	http://trace.boldsystems.org/traceIO/bold.org/9802652	2015-06-11 04:57:40	Biodiversity Institute of Ontario	R	C_LepFolR	COI-5P
SSPEA652-15	BIOUG20323-E02	5762212	BIOUG20323-E02	L#13BIOBUS-0291	Centre for Biodiversity Genomics		BOLD:ABW0506	20	Arthropoda	63	Arachnida	24643	Opiliones	151797	Phalangiidae	361450	Phalangiinae	361453	Rilaena	361454	Rilaena triangularis			Monica R. Young	BIN Taxonomy Match			Vouchered:Registered Collection	Tissue		BIObus 2013				2 Malaise traps|mostly sunny|deciduous forest stand, sugar maple monoculture with striped maple in the understory		Malaise Trap				Forest			Prince Edward Island NP		46.493	-63.394	GPSmap 60Cx		5				Canada	Prince Edward Island	Prince Edward Island National Park	Cavendish Grove	behind old train ride rail path										7570094	COI-5P	MF811310	ACAATATATATAATTTTTGGTATATGAGCTGCAATAGTTGGAACTGCCCTAAGAATGCTAATTCGCACAGAACTAGGGCAACCCGGCTCCTTAATAAATGATGACCAAATTTATAATGTCATTGTAACAGCCCATGCTTTTGTAATAATTTTTTTCATAGTCATACCTATTATAATTGGAGGATTCGGTAACTGGCTAGTACCTTTAATATTAGGGGCCCCCGATATAGCTTTCCCACGCTTAAACAACATAAGATTTTGACTTTTACCCCCTTCATTTCTTTTATTATTATCCTCTGCTTTAGTAGAAAATGGGGCAGGGACAGGCTGGACCGTTTATCCTCCCCTATCTAGAAATATTGCACATACGGGGGCATCTGTAGATTTAACAATTTTCTCCTTGCACTTAGCGGGTGTTTCTTCTATTCTTGGAGCCATTAACTTTATTACAACCATCATTAATATACGAACACAAGGAATAATTTTAGAACGAATACCCCTCTTTGTATGGTCAGTAAAAATTACAGCAATCCTATTACTACTTTCTCTACCAGTCCTGGCAGGTGCCATCACTATACTACTAACAGAT------------------------------------------------	7982252	SSPEA652-15[C_LepFolF,C_LepFolR]_R.ab1	http://trace.boldsystems.org/traceIO/bold.org/9802653	2015-06-11 04:57:40	Biodiversity Institute of Ontario	R	C_LepFolR	COI-5P
SSPEA654-15	BIOUG20323-E04	5762214	BIOUG20323-E04	L#13BIOBUS-0291	Centre for Biodiversity Genomics		BOLD:ABW0506	20	Arthropoda	63	Arachnida	24643	Opiliones	151797	Phalangiidae	361450	Phalangiinae	361453	Rilaena	361454	Rilaena triangularis			Monica R. Young	BIN Taxonomy Match			Vouchered:Registered Collection	Tissue		BIObus 2013				2 Malaise traps|mostly sunny|deciduous forest stand, sugar maple monoculture with striped maple in the understory		Malaise Trap				Forest			Prince Edward Island NP		46.493	-63.394	GPSmap 60Cx		5				Canada	Prince Edward Island	Prince Edward Island National Park	Cavendish Grove	behind old train ride rail path										7570805	COI-5P	MF810718	ACAATATATATAATTTTTGGTATATGAGCTGCAATAGTTGGAACTGCCCTAAGAATGCTAATTCGCACAGAACTAGGGCAACCCGGCTCCTTAATAAATGATGACCAAATTTATAATGTCATTGTAACAGCCCATGCTTTTGTAATAATTTTTTTCATAGTCATACCTATTATAATTGGAGGATTCGGTAACTGGCTAGTACCTTTAATATTAGGGGCCCCCGATATAGCTTTCCCACGCTTAAACAACATAAGATTTTGACTTTTACCCCCTTCATTTCTTTTATTATTATCCTCTGCTTTAGTAGAAAATGGGGCAGGGACAGGCTGGACCGTTTATCCTCCCCTATCTAGAAATATTGCACATACGGGGGCATCTGTAGATTTAACAATTTTCTCCTTGCACTTAGCGGGTGTTTCTTCTATTCTTGGAGCCATTAACTTTATTACAACCATCATTAATATACGAACACAAGGAATAATTTTAGAACGAATACCCCTCTTTGTATGGTCAGTAAAAATTACAGCAATCCTATTACTACTTTCTCTACCAGTCCTGGCAGGTGCCATCACTATACTACTAACAGAT------------------------------------------------	7982254	SSPEA654-15[C_LepFolF,C_LepFolR]_R.ab1	http://trace.boldsystems.org/traceIO/bold.org/9802655	2015-06-11 04:57:40	Biodiversity Institute of Ontario	R	C_LepFolR	COI-5P
SSPEB057-15	BIOUG22651-C01	6292905	BIOUG22651-C01	L#13BIOBUS-0291	Centre for Biodiversity Genomics		BOLD:ABW0506	20	Arthropoda	63	Arachnida	24643	Opiliones	151797	Phalangiidae	361450	Phalangiinae	361453	Rilaena	361454	Rilaena triangularis			Kate Perez	BIN Taxonomy Match			Vouchered:Registered Collection	Tissue		BIObus 2013				2 Malaise traps|mostly sunny|deciduous forest stand, sugar maple monoculture with striped maple in the understory		Malaise Trap				Forest			Prince Edward Island NP		46.4928	-63.3935	GPSmap 60Cx		5				Canada	Prince Edward Island	Prince Edward Island National Park	Cavendish Grove	behind old trail ride rail path										7908310	COI-5P	MF810094	ATTTTTGGTATATGAGCTGCAATAGTTGGAACTGCCCTAAGAATGCTAATTCGCACAGAACTAGGGCAACCCGGCTCCTTAATAAATGATGACCAAATTTATAATGTCATTGTAACAGCCCATGCTTTTGTAATAATTTTTTTCATAGTCATACCTATTATAATTGGAGGATTCGGTAACTGGCTAGTACCTTTAATATTAGGGGCCCCCGATATAGCTTTCCCACGCTTAAACAACATAAGATTTTGACTTTTACCCCCTTCATTTCTTTTATTATTATCCTCTGCTTTAGTAGAAAATGGGGCAGGGACAGGCTGGACCGTTTATCCTCCCCTATCTAGAAATATTGCACATACGGGGGCATCTGTAGATTTAACAATTTTCTCCTTGCACTTAGCGGGTGTTTCTTCTATTCTTGGAGCCATTAACTTTATTACAACCATCATTAATATACGAACACAAGGAATAATTTTAGAACGAATACCCCTCTTTGTATGGTCAGTAAAAATTACAGCAATCCTATTACTACTTTCTCTACCAGTCCTGGCAGGTGCCATCACTATACTACTA------------------------------------------------------------------	8393394	SSPEB057-15[C_LepFolF,C_LepFolR]_R.ab1	http://trace.boldsystems.org/traceIO/bold.org/10212098	2015-09-11 21:14:30	Biodiversity Institute of Ontario	R	C_LepFolR	COI-5P
SSPEB058-15	BIOUG22651-C02	6292906	BIOUG22651-C02	L#13BIOBUS-0291	Centre for Biodiversity Genomics		BOLD:ABW0506	20	Arthropoda	63	Arachnida	24643	Opiliones	151797	Phalangiidae	361450	Phalangiinae	361453	Rilaena	361454	Rilaena triangularis			Kate Perez	BIN Taxonomy Match			Vouchered:Registered Collection	Tissue		BIObus 2013				2 Malaise traps|mostly sunny|deciduous forest stand, sugar maple monoculture with striped maple in the understory		Malaise Trap				Forest			Prince Edward Island NP		46.4928	-63.3935	GPSmap 60Cx		5				Canada	Prince Edward Island	Prince Edward Island National Park	Cavendish Grove	behind old trail ride rail path										7904301	COI-5P	MF815716	ACAATATATATAATTTTTGGTATATGAGCTGCAATAGTTGGAACTGCCCTAAGAATGCTAATTCGCACAGAACTAGGGCAACCCGGCTCCTTAATAAATGATGACCAAATTTATAATGTCATTGTAACAGCCCATGCTTTTGTAATAATTTTTTTCATAGTCATACCTATTATAATTGGAGGATTCGGTAACTGGCTAGTACCTTTAATATTAGGGGCCCCCGATATAGCTTTCCCACGCTTAAACAATATAAGATTTTGACTTTTACCCCCTTCATTTCTTTTATTATTATCCTCTGCTTTAGTAGAAAATGGNGCAGGGACAGGCTGGACCGTTTANCCTCCCCTATCTAGAAATATTGCACATACGGGGGCATCTGTAGATTTAACAATTTTCTCCTTGCACTTAGCGGGTGTTTCTTCTATTCTTGGAGCCATTAACTTTATTACAACCATCATTAATATACGAACACAAGGAATAATTTTAGAACGAATACCCCTCTTTGTATGGTCAGTAAAAATTACAGCAATCCTATTACTACTTTCT------------------------------------------------------------------------------------------	8393395	SSPEB058-15[C_LepFolF,C_LepFolR]_R.ab1	http://trace.boldsystems.org/traceIO/bold.org/10212099	2015-09-11 21:14:30	Biodiversity Institute of Ontario	R	C_LepFolR	COI-5P
CNPEM2381-14	BIOUG10598-A10	4218536	BIOUG10598-A10	GMP#01350	Centre for Biodiversity Genomics		BOLD:ABW0506	20	Arthropoda	63	Arachnida	24643	Opiliones	151797	Phalangiidae	361450	Phalangiinae	361453	Rilaena	361454	Rilaena triangularis			Monica R. Young	BIN Taxonomy Match			Vouchered:Registered Collection	Tissue		Paul Ayles				2 Malaise traps|late successional red maple stand	BIOUG:PEI-NP	Malaise Trap				Forest			Prince Edward Island NP		46.4123	-63.085	GPS, WGS84		6				Canada	Prince Edward Island	Prince Edward Island National Park	Woodland Trail / Long Point											6145297	COI-5P	KR104077	TACAATATATATAATTTTTGGTATATGAGCTGCAATAGTTGGAACTGCCCTAAGAATGCTAATTCGCACAGAACTAGGGCAACCCGGCTCCTTAATAAATGATGACCAAATTTATAATGTCATTGTAACAGCCCATGCTTTTGTAATAATTTTTTTCATAGTCATACCTATTATAATTGGAGGATTCGGTAACTGGCTAGTACCTTTAATATTAGGGGCCCCCGATATAGCTTTCCCACGCTTAAACAACATAAGATTTTGACTTTTACCCCCTTCATTTCTTTTATTATTATCCTCTGCTTTAGTAGAAAATGGGGCAGGGACAGGCTGGACCGTTTATCCTCCCCTATCTAGAAATATTGCACATACGGGGGCATCTGTAGATTTAACAATTTTCTCCTTGCACTTAGCGGGTGTTTCTTCTATTCTTGGAGCCATTAACTTTATTACAACCATCATTAATATACGAACACAAGGAATAATTTTAGAACGAATACCCCTCTTTGTATGGTCAGTAAAAATTACAGCAATCCTATTACTACTTTCTCTACCAGTCCTGGCAGGTGCCATCACTATACTACTAACAGATCGAAATTTTAATACCTCCTTCTTCGACCCAGCCGGAGGAGGG-------	6166643	CNPEM2381-14[C_LepFolF,C_LepFolR]_R.ab1	http://trace.boldsystems.org/traceIO/bold.org/8013270	2014-03-29 02:32:33	Biodiversity Institute of Ontario	R	C_LepFolR	COI-5P
CNSLL006-13	BIOUG03760-G01	3451951	BIOUG03760-G01	GMP#00126	Centre for Biodiversity Genomics		BOLD:ABW0506	20	Arthropoda	63	Arachnida	24643	Opiliones	151797	Phalangiidae	361450	Phalangiinae	361453	Rilaena	361454	Rilaena triangularis			Monica R. Young	BIN Taxonomy Match			Vouchered:Registered Collection	Tissue		Parks Canada Staff				Sugar maple and white birch|3 days rain, mild temperatures	BIOUG:STLAW-NP	Malaise Trap	A		S	Forest			Thousand Islands NP		44.475	-75.865	GPS		117				Canada	Ontario	Thousand Islands National Park	Jones Creek by Mallorytown	County Road 5										5361273	COI-5P	KM832336	TACAATATATATAATTTTTGGTATATGAGCTGCAATAGTTGGAACTGCCCTAAGAATGCTAATTCGCACAGAACTAGGGCAACCCGGCTCCTTAATAAATGATGACCAAATTTATAATGTCATTGTAACAGCCCATGCTTTTGTAATAATTTTTTTCATAGTCATACCTATTATAATTGGAGGATTCGGTAACTGGCTAGTACCTTTAATATTAGGGGCCCCCGATATAGCTTTCCCACGCTTAAACAATATAAGATTTTGACTTTTACCCCCTTCATTTCTTTTATTATTATCCTCTGCTTTAGTAGAAAATGGGGCAGGGACAGGCTGGACCGTTTACCCTCCCCTATCTAGAAATATTGCACATACGGGGGCATCTGTAGATTTAACAATTTTCTCCTTGCACTTAGCGGGTGTTTCTTCTATTCTTGGAGCCATTAACTTTATTACAACCATCATTAATATACGAACACAAGGAATAATTTTAGAACGAATACCCCTCTTTGTATGGTCAGTAAAAATTACAGCAATCCTATTACTACTTTCTCTACCAGTCCTGGCAGGTGCCATCACTATACTACTAACAGATCGAAATTTTAATACCTCCT--------------------------------------------------	5325702	CNSLL006-13[C_LepFolF,C_LepFolR]_R.ab1	http://trace.boldsystems.org/traceIO/bold.org/7172308	2013-08-08 21:57:39	Biodiversity Institute of Ontario	R	C_LepFolR	COI-5P
